606000,1,3,1,1,2,3,Strixhaven,creature,dwarf,White,Red,Blue,,,RARE
606001,1,1,0,0,2,1,Kaldheim,creature,elf,Blue,Green,Black,,,RARE
606002,0,1,3,0,2,2,Innistrad,creature,boar,Red,Green,Black,Blue,,MYTHIC RARE
606003,2,3,3,3,0,0,DnD,creature,dragon,Blue,Green,,,,COMMON
606004,3,2,2,1,1,1,Innistrad,equipment,Ring,White,Red,Green,Black,,COMMON
606005,3,1,2,2,3,1,Strixhaven,equipment,Bottle,Red,,,,,MYTHIC RARE
606006,0,3,0,0,0,1,DnD,creature,dwarf,Blue,,,,,UNCOMMON
606007,1,2,1,2,0,1,Strixhaven,creature,dwarf,Green,Black,Red,Blue,,RARE
606008,1,2,2,0,2,0,Strixhaven,equipment,Boots,Black,Red,Blue,White,,MYTHIC RARE
606009,0,3,0,1,1,2,Innistrad,equipment,Talisman,Black,,,,,MYTHIC RARE
606010,3,1,0,0,3,2,Kamigawa,creature,human,Red,White,,,,RARE
606011,2,3,3,0,0,2,Innistrad,creature,elf,Blue,Red,,,,MYTHIC RARE
606012,2,1,1,0,2,1,Strixhaven,creature,boar,White,Green,Black,Blue,,MYTHIC RARE
606013,3,3,0,1,2,0,Kaldheim,creature,dwarf,Black,Green,,,,UNCOMMON
606014,1,0,3,3,2,2,DnD,equipment,Ring,White,Black,Blue,,,UNCOMMON
606015,3,0,3,0,2,2,DnD,creature,zombie,White,Black,,,,UNCOMMON
606016,0,2,1,3,2,3,Kaldheim,creature,zombie,Red,Blue,Green,,,RARE
606017,3,2,2,3,2,1,Kamigawa,equipment,Sword,Blue,,,,,UNCOMMON
606018,2,0,0,0,0,3,DnD,equipment,Bottle,Red,Black,Green,,,MYTHIC RARE
606019,2,1,2,1,1,1,Strixhaven,equipment,Bottle,White,Black,Red,Blue,,MYTHIC RARE
606020,1,0,0,1,0,1,Innistrad,equipment,Ring,White,Red,,,,COMMON
606021,0,1,2,3,0,2,Ravnica,creature,elf,Black,White,,,,COMMON
606022,2,3,1,0,3,0,DnD,creature,boar,White,Red,Black,,,RARE
606023,0,1,3,1,1,3,Strixhaven,equipment,Bottle,Green,Black,,,,UNCOMMON
606024,0,2,1,2,3,2,Kaldheim,creature,boar,Green,Black,Blue,,,COMMON
606025,3,0,2,1,0,3,Ravnica,creature,zombie,Green,White,Blue,,,COMMON
606026,0,2,3,1,2,0,Kamigawa,equipment,Talisman,White,Red,,,,COMMON
606027,3,2,1,0,0,1,Ravnica,creature,dragon,Red,Green,,,,MYTHIC RARE
606028,0,2,0,2,2,0,DnD,creature,dwarf,Blue,,,,,UNCOMMON
606029,1,2,3,3,2,2,DnD,equipment,Sword,White,Green,,,,MYTHIC RARE
606030,1,0,3,2,3,0,Strixhaven,equipment,Boots,White,,,,,RARE
606031,2,2,2,3,1,3,Kaldheim,creature,elf,White,,,,,UNCOMMON
606032,1,1,3,0,2,2,Strixhaven,creature,dwarf,White,Red,,,,COMMON
606033,2,0,2,0,3,1,Innistrad,equipment,Talisman,Blue,Green,,,,MYTHIC RARE
606034,3,3,2,3,2,2,Innistrad,equipment,Bottle,Red,,,,,MYTHIC RARE
606035,0,3,2,0,0,0,Kamigawa,creature,zombie,White,Red,Black,,,COMMON
606036,0,1,2,0,0,2,Ravnica,creature,boar,Green,White,Black,Blue,,COMMON
606037,1,3,0,2,1,1,Strixhaven,equipment,Sword,White,Red,Blue,Black,,MYTHIC RARE
606038,2,1,2,0,3,3,Strixhaven,creature,boar,White,,,,,COMMON
606039,2,3,2,1,0,3,Kamigawa,creature,dragon,Blue,Green,Black,,,RARE
606040,1,2,1,0,2,1,Kamigawa,equipment,Ring,Green,Red,Blue,,,MYTHIC RARE
606041,3,3,1,2,2,2,Kamigawa,creature,dragon,Red,Green,White,,,UNCOMMON
606042,2,0,1,3,1,3,Innistrad,equipment,Boots,Red,Green,Blue,,,MYTHIC RARE
606043,0,0,3,0,3,1,Kaldheim,equipment,Talisman,Blue,Green,,,,RARE
606044,0,2,2,3,3,1,Strixhaven,creature,elf,White,Red,,,,RARE
606045,0,1,1,3,3,3,Innistrad,equipment,Boots,Black,Red,Blue,,,RARE
606046,2,1,2,3,0,0,Kamigawa,equipment,Bottle,Blue,,,,,MYTHIC RARE
606047,2,1,1,3,3,2,Kaldheim,equipment,Bottle,White,,,,,UNCOMMON
606048,0,1,2,1,2,2,Innistrad,creature,dwarf,Green,Red,White,,,RARE
606049,0,2,1,2,0,2,DnD,equipment,Sword,Blue,Green,,,,COMMON
606050,2,3,1,0,1,2,Kaldheim,equipment,Talisman,Black,White,,,,COMMON
606051,0,3,0,0,0,3,Ravnica,equipment,Boots,Blue,Black,Red,,,MYTHIC RARE
606052,0,1,2,1,2,1,DnD,creature,elf,Black,,,,,MYTHIC RARE
606053,0,2,1,0,2,0,Kaldheim,equipment,Boots,Green,,,,,MYTHIC RARE
606054,3,0,0,2,3,2,Innistrad,equipment,Talisman,Blue,Green,,,,MYTHIC RARE
606055,0,0,0,0,3,0,Ravnica,creature,human,Blue,Red,,,,COMMON
606056,2,1,2,3,1,1,Strixhaven,creature,elf,Red,Green,,,,UNCOMMON
606057,1,3,3,3,2,0,DnD,equipment,Talisman,Green,Black,,,,MYTHIC RARE
606058,0,2,0,1,3,3,Innistrad,creature,boar,Green,,,,,RARE
606059,0,0,3,1,2,2,Kamigawa,creature,boar,Green,Blue,,,,COMMON
606060,3,3,3,3,0,0,Ravnica,creature,human,Green,,,,,MYTHIC RARE
606061,2,3,2,1,0,1,Strixhaven,creature,zombie,Black,,,,,MYTHIC RARE
606062,3,3,3,0,3,0,Kaldheim,creature,elf,Red,Blue,,,,MYTHIC RARE
606063,3,0,1,2,1,1,Kamigawa,creature,dragon,White,Blue,Green,,,UNCOMMON
606064,3,0,1,2,1,3,Kamigawa,creature,zombie,Blue,,,,,MYTHIC RARE
606065,2,0,2,2,0,3,Kamigawa,equipment,Sword,Blue,,,,,MYTHIC RARE
606066,0,2,3,1,1,2,Innistrad,creature,zombie,Red,,,,,COMMON
606067,3,3,3,1,1,3,Innistrad,equipment,Sword,Black,Green,Blue,,,RARE
606068,2,3,3,2,3,0,Ravnica,creature,dwarf,Blue,Black,,,,COMMON
606069,1,2,1,2,3,0,Kaldheim,equipment,Bottle,Red,Black,White,Blue,,UNCOMMON
606070,3,3,2,3,2,0,Ravnica,creature,dragon,Black,Blue,,,,RARE
606071,3,3,2,0,0,2,DnD,creature,dwarf,White,Black,Red,,,MYTHIC RARE
606072,2,0,2,3,3,3,Kamigawa,creature,dragon,White,Red,Black,,,RARE
606073,3,2,1,3,1,3,Kaldheim,creature,elf,White,,,,,MYTHIC RARE
606074,3,1,2,1,3,3,Kamigawa,creature,zombie,Green,Red,,,,COMMON
606075,2,2,3,0,3,3,Kamigawa,equipment,Sword,Blue,Red,White,,,UNCOMMON
606076,0,3,3,3,3,0,Kaldheim,creature,human,Blue,,,,,UNCOMMON
606077,0,3,1,3,0,1,Ravnica,creature,dragon,White,Black,Red,,,RARE
606078,0,1,1,3,3,1,Kaldheim,creature,dragon,Red,,,,,RARE
606079,1,1,0,2,0,3,DnD,creature,dragon,Blue,,,,,COMMON
606080,2,2,3,3,2,3,Ravnica,creature,boar,Red,Blue,,,,COMMON
606081,3,0,2,2,0,3,Strixhaven,equipment,Bottle,Red,White,Black,,,MYTHIC RARE
606082,1,0,3,2,3,1,Strixhaven,equipment,Sword,Green,Blue,,,,UNCOMMON
606083,0,3,0,2,3,3,DnD,equipment,Boots,Blue,White,Black,,,COMMON
606084,2,2,0,2,0,0,Innistrad,creature,elf,Blue,Red,,,,RARE
606085,2,0,1,2,1,3,Strixhaven,creature,boar,White,Blue,,,,MYTHIC RARE
606086,1,2,3,2,2,3,Ravnica,creature,human,Red,Blue,Green,,,COMMON
606087,3,1,1,0,0,1,DnD,equipment,Sword,White,Blue,Red,Green,,UNCOMMON
606088,1,1,0,2,1,2,DnD,equipment,Boots,Red,Black,,,,UNCOMMON
606089,3,1,2,2,2,0,Ravnica,creature,dragon,Black,Blue,,,,MYTHIC RARE
606090,3,3,2,2,1,2,Ravnica,equipment,Sword,Blue,White,Black,,,COMMON
606091,2,0,1,2,2,1,Strixhaven,creature,boar,Black,,,,,RARE
606092,0,2,3,3,3,3,Kaldheim,creature,boar,Blue,,,,,COMMON
606093,3,0,2,3,1,0,Innistrad,creature,human,White,Black,,,,UNCOMMON
606094,2,2,2,1,0,3,Kamigawa,creature,zombie,Black,,,,,UNCOMMON
606095,0,0,3,2,0,2,Kaldheim,creature,boar,Blue,Black,Green,,,COMMON
606096,1,1,2,0,1,3,Kamigawa,equipment,Boots,Green,Red,Blue,Black,,MYTHIC RARE
606097,0,0,0,3,1,2,Kaldheim,equipment,Bottle,Red,Black,,,,RARE
606098,3,3,0,1,3,1,Strixhaven,creature,zombie,Blue,Red,Black,,,RARE
606099,0,0,2,0,3,1,Kaldheim,equipment,Ring,Green,Blue,Black,White,,RARE
606100,2,0,0,0,1,3,DnD,creature,zombie,Green,Red,,,,MYTHIC RARE
606101,1,1,0,1,3,1,Kaldheim,creature,zombie,White,Red,,,,COMMON
606102,2,1,0,0,3,1,Kamigawa,equipment,Ring,White,Green,Red,,,MYTHIC RARE
606103,0,2,1,0,1,3,Ravnica,creature,human,Green,,,,,RARE
606104,3,2,2,1,0,3,Kaldheim,equipment,Sword,Red,Green,,,,COMMON
606105,0,1,2,1,3,0,Innistrad,equipment,Talisman,White,,,,,RARE
606106,2,3,1,3,2,2,Innistrad,equipment,Bottle,Black,Green,,,,COMMON
606107,0,1,1,2,1,1,Kaldheim,equipment,Talisman,Black,Green,,,,RARE
606108,3,2,3,1,3,2,Kamigawa,creature,boar,Black,Green,,,,UNCOMMON
606109,1,1,1,2,3,0,Ravnica,equipment,Sword,Blue,White,,,,RARE
606110,0,0,2,2,3,0,Innistrad,equipment,Sword,Blue,Black,White,,,COMMON
606111,2,2,1,1,0,3,Kaldheim,equipment,Bottle,Green,Red,,,,COMMON
606112,0,0,2,1,0,1,Ravnica,creature,dwarf,Black,White,,,,MYTHIC RARE
606113,0,1,1,1,2,3,Kaldheim,equipment,Bottle,White,Red,Blue,Green,,UNCOMMON
606114,0,2,0,1,0,3,Strixhaven,equipment,Bottle,Red,White,,,,MYTHIC RARE
606115,2,2,0,3,0,0,Kaldheim,equipment,Ring,Blue,Red,White,,,COMMON
606116,1,0,3,3,0,1,DnD,equipment,Boots,Green,Black,Blue,,,COMMON
606117,1,1,3,3,0,0,Kaldheim,creature,boar,Black,,,,,MYTHIC RARE
606118,1,2,1,0,1,0,Ravnica,creature,elf,Red,Black,,,,COMMON
606119,1,2,0,3,3,2,Kaldheim,equipment,Ring,Blue,,,,,RARE
606120,3,0,0,2,3,2,Kamigawa,creature,elf,Green,Blue,Black,,,UNCOMMON
606121,2,0,1,3,1,0,Innistrad,creature,elf,Black,Blue,Green,,,UNCOMMON
606122,3,0,1,0,2,3,Ravnica,equipment,Boots,White,Green,Red,Blue,,COMMON
606123,0,3,0,3,1,2,Ravnica,creature,human,Blue,Green,White,,,UNCOMMON
606124,0,1,2,1,3,0,Kamigawa,creature,human,Green,Red,Blue,White,,UNCOMMON
606125,0,2,0,3,3,0,DnD,equipment,Bottle,Blue,,,,,COMMON
606126,2,2,3,3,3,2,DnD,equipment,Boots,White,Black,Green,,,UNCOMMON
606127,0,3,0,0,3,2,Kamigawa,creature,elf,Red,Blue,White,,,RARE
606128,3,0,0,1,0,1,Kamigawa,equipment,Bottle,Blue,,,,,UNCOMMON
606129,0,1,0,1,3,1,DnD,creature,zombie,Red,Blue,Green,,,MYTHIC RARE
606130,0,3,3,1,1,1,Kaldheim,equipment,Ring,Black,Green,,,,UNCOMMON
606131,0,2,0,1,2,3,DnD,equipment,Sword,Blue,,,,,COMMON
606132,1,2,3,2,3,0,Innistrad,creature,dragon,Black,Blue,,,,UNCOMMON
606133,1,0,2,1,3,3,Innistrad,creature,zombie,Red,,,,,RARE
606134,2,2,0,0,0,3,DnD,creature,human,Green,White,,,,UNCOMMON
606135,2,2,1,0,0,0,DnD,creature,dragon,Green,Black,Blue,,,COMMON
606136,3,1,0,1,1,3,DnD,equipment,Ring,Red,Blue,White,Black,Green,COMMON
606137,0,2,0,3,2,0,DnD,equipment,Talisman,White,Blue,,,,COMMON
606138,0,0,3,2,3,1,Kamigawa,creature,human,Blue,White,Black,,,UNCOMMON
606139,1,1,3,0,1,3,Innistrad,equipment,Ring,White,Red,,,,MYTHIC RARE
606140,0,1,0,0,2,2,Kamigawa,creature,human,Red,Black,,,,RARE
606141,2,2,3,1,0,1,Kaldheim,creature,dragon,Green,Red,White,,,RARE
606142,1,1,0,1,0,1,Strixhaven,equipment,Ring,Green,,,,,MYTHIC RARE
606143,2,1,2,3,0,2,DnD,creature,human,Red,Blue,Green,,,MYTHIC RARE
606144,0,1,0,3,2,1,Kaldheim,equipment,Bottle,Black,,,,,RARE
606145,1,1,3,2,1,3,DnD,creature,boar,Red,,,,,UNCOMMON
606146,0,2,2,0,1,2,Innistrad,creature,dwarf,Green,,,,,UNCOMMON
606147,0,3,1,1,0,3,Ravnica,equipment,Ring,Red,Blue,Green,,,RARE
606148,1,0,2,3,0,2,Strixhaven,equipment,Talisman,Green,,,,,COMMON
606149,2,3,0,1,1,3,DnD,equipment,Sword,Red,White,Green,,,UNCOMMON
606150,2,3,3,2,2,3,Kamigawa,creature,boar,Green,White,,,,UNCOMMON
606151,2,0,3,2,0,1,Ravnica,creature,dragon,Blue,,,,,UNCOMMON
606152,3,0,3,0,3,3,Innistrad,equipment,Ring,Red,White,,,,UNCOMMON
606153,2,1,1,3,1,1,DnD,equipment,Boots,White,Green,,,,RARE
606154,2,1,2,2,2,3,Strixhaven,creature,boar,Red,White,,,,MYTHIC RARE
606155,3,0,1,0,2,3,Kamigawa,equipment,Talisman,Green,,,,,MYTHIC RARE
606156,2,0,0,3,0,1,Ravnica,creature,human,White,Green,,,,COMMON
606157,1,1,3,2,2,0,Ravnica,equipment,Talisman,Green,White,,,,MYTHIC RARE
606158,2,2,3,3,3,3,Kaldheim,creature,elf,White,Black,Red,,,RARE
606159,2,1,1,0,2,2,DnD,equipment,Ring,White,Red,Black,Blue,,RARE
606160,3,3,1,0,0,1,Ravnica,equipment,Boots,Red,Green,Blue,,,UNCOMMON
606161,1,1,3,1,3,0,Kaldheim,creature,boar,Red,Blue,Green,,,MYTHIC RARE
606162,3,1,2,3,3,0,Ravnica,equipment,Bottle,Green,,,,,UNCOMMON
606163,2,3,1,1,1,3,Innistrad,equipment,Talisman,Black,,,,,RARE
606164,3,3,3,0,3,3,Kamigawa,equipment,Bottle,White,Green,Black,Blue,,MYTHIC RARE
606165,1,1,1,0,3,2,Kamigawa,equipment,Ring,Red,White,,,,UNCOMMON
606166,0,0,2,1,1,1,DnD,equipment,Sword,Black,White,,,,RARE
606167,2,1,2,1,2,0,Ravnica,creature,dwarf,White,Green,,,,UNCOMMON
606168,3,1,2,0,0,0,DnD,equipment,Bottle,Green,Black,,,,MYTHIC RARE
606169,2,0,1,0,1,0,Ravnica,equipment,Boots,Blue,Black,,,,UNCOMMON
606170,2,2,0,3,2,0,DnD,equipment,Bottle,White,Green,Black,Blue,,RARE
606171,0,1,2,2,0,3,Innistrad,creature,boar,Black,,,,,UNCOMMON
606172,3,1,2,3,3,3,Strixhaven,creature,boar,Black,White,Blue,Green,,COMMON
606173,0,1,0,3,0,1,Innistrad,equipment,Boots,Green,Red,,,,COMMON
606174,3,3,2,1,2,1,Kaldheim,equipment,Bottle,White,Green,,,,MYTHIC RARE
606175,1,1,0,2,2,1,Innistrad,equipment,Sword,Green,White,Black,,,COMMON
606176,1,3,3,3,2,3,Kaldheim,creature,human,Red,Black,Blue,Green,,COMMON
606177,0,2,0,0,3,3,Kaldheim,creature,boar,Red,Black,Blue,,,RARE
606178,3,2,2,3,1,1,Innistrad,equipment,Talisman,Green,Black,Red,Blue,,UNCOMMON
606179,0,1,1,1,3,3,Kaldheim,creature,elf,Red,White,,,,RARE
606180,2,3,1,1,3,0,DnD,creature,boar,Red,Blue,White,,,COMMON
606181,1,1,1,2,2,2,Strixhaven,creature,zombie,Green,Blue,,,,COMMON
606182,0,2,3,0,1,3,Kaldheim,creature,zombie,White,Red,,,,UNCOMMON
606183,1,1,2,1,2,0,Kaldheim,equipment,Bottle,White,Blue,,,,COMMON
606184,3,3,2,1,1,0,Kaldheim,creature,human,Blue,Red,,,,MYTHIC RARE
606185,0,3,2,2,3,3,Innistrad,creature,dwarf,Black,,,,,COMMON
606186,1,0,2,3,3,1,Innistrad,equipment,Ring,Green,,,,,COMMON
606187,2,2,0,1,3,3,Kaldheim,creature,dwarf,Black,Blue,Green,,,MYTHIC RARE
606188,3,1,3,0,3,2,DnD,creature,elf,Green,Blue,Red,,,UNCOMMON
606189,0,0,1,0,3,1,Innistrad,equipment,Talisman,Green,White,Red,Blue,,UNCOMMON
606190,3,2,0,3,0,1,Kamigawa,creature,dragon,Red,,,,,UNCOMMON
606191,2,2,1,3,2,3,Ravnica,creature,elf,Green,White,,,,RARE
606192,3,3,3,2,3,1,DnD,creature,boar,Blue,,,,,UNCOMMON
606193,1,0,2,2,3,3,Kaldheim,creature,dragon,Green,,,,,RARE
606194,3,3,2,1,2,1,Strixhaven,equipment,Talisman,Green,,,,,RARE
606195,3,3,2,2,0,1,Strixhaven,equipment,Boots,Blue,,,,,MYTHIC RARE
606196,2,2,0,3,2,1,Strixhaven,equipment,Bottle,White,Green,,,,MYTHIC RARE
606197,0,0,3,1,2,2,Kaldheim,equipment,Sword,White,Red,Blue,,,MYTHIC RARE
606198,1,2,3,0,1,0,DnD,creature,zombie,Green,,,,,UNCOMMON
606199,2,3,2,1,3,2,Ravnica,creature,dwarf,Red,Blue,Green,,,MYTHIC RARE
606200,0,3,0,0,0,1,Innistrad,equipment,Bottle,Green,White,Blue,,,RARE
606201,0,2,3,0,2,1,Kamigawa,creature,dwarf,White,,,,,RARE
606202,3,3,1,2,3,2,Kaldheim,equipment,Sword,Blue,Red,Green,,,UNCOMMON
606203,1,3,1,0,0,3,Innistrad,creature,elf,White,,,,,RARE
606204,0,1,1,0,1,3,Innistrad,equipment,Talisman,Blue,,,,,MYTHIC RARE
606205,1,2,2,2,3,0,Strixhaven,equipment,Boots,White,Red,,,,UNCOMMON
606206,3,3,1,0,1,0,Kamigawa,creature,dwarf,Red,,,,,MYTHIC RARE
606207,1,3,3,2,3,3,Kamigawa,creature,boar,Red,,,,,COMMON
606208,3,2,2,1,0,3,Kamigawa,equipment,Boots,Red,,,,,MYTHIC RARE
606209,1,3,2,3,2,3,Ravnica,equipment,Boots,Green,Black,White,,,MYTHIC RARE
606210,0,1,0,2,1,3,Kamigawa,equipment,Talisman,Black,Red,,,,MYTHIC RARE
606211,1,1,1,2,2,2,Ravnica,creature,dragon,White,Red,Blue,Green,,UNCOMMON
606212,3,0,1,0,1,2,Strixhaven,creature,dwarf,Red,Blue,White,Black,,COMMON
606213,3,3,3,1,2,3,Kamigawa,equipment,Bottle,Red,Green,,,,RARE
606214,0,3,2,3,1,1,Innistrad,creature,human,Green,White,Red,Black,,MYTHIC RARE
606215,2,1,2,2,1,1,Ravnica,equipment,Boots,Green,Red,,,,RARE
606216,1,2,3,2,1,1,Strixhaven,creature,elf,Black,Green,,,,MYTHIC RARE
606217,3,3,2,0,0,1,Innistrad,creature,elf,White,Black,Red,,,MYTHIC RARE
606218,0,3,2,2,2,1,Kaldheim,creature,dwarf,Red,Black,,,,UNCOMMON
606219,2,3,1,0,2,2,DnD,creature,boar,White,Blue,Green,,,UNCOMMON
606220,2,3,3,1,1,1,Ravnica,equipment,Sword,Red,Blue,White,,,UNCOMMON
606221,2,0,0,2,3,0,Innistrad,creature,zombie,Black,White,,,,COMMON
606222,3,2,3,3,1,1,Strixhaven,creature,elf,Black,Green,Red,,,UNCOMMON
606223,0,2,1,1,3,2,Ravnica,creature,dragon,Red,White,,,,UNCOMMON
606224,2,2,1,2,0,2,Kaldheim,equipment,Ring,Green,,,,,MYTHIC RARE
606225,0,3,2,1,3,3,Innistrad,equipment,Talisman,White,Black,,,,RARE
606226,3,2,1,1,2,1,Ravnica,equipment,Boots,White,Blue,,,,COMMON
606227,1,3,3,2,1,0,Ravnica,equipment,Bottle,Blue,,,,,COMMON
606228,0,0,0,1,3,1,Ravnica,creature,zombie,Red,Green,,,,COMMON
606229,3,1,2,3,3,1,Kaldheim,equipment,Ring,Blue,Red,Black,Green,,UNCOMMON
606230,3,3,2,1,0,3,Strixhaven,creature,human,White,Black,Blue,,,COMMON
606231,1,2,2,2,1,1,Kamigawa,equipment,Bottle,Blue,Black,Red,,,MYTHIC RARE
606232,0,0,1,0,3,3,Kaldheim,creature,boar,Red,,,,,COMMON
606233,2,0,0,2,2,3,Ravnica,creature,dwarf,White,Red,,,,RARE
606234,1,3,0,3,3,3,Kamigawa,creature,dwarf,Blue,,,,,MYTHIC RARE
606235,0,0,2,3,3,1,Kamigawa,creature,zombie,Green,,,,,MYTHIC RARE
606236,0,1,0,3,3,1,Strixhaven,equipment,Boots,Blue,Red,Black,Green,,MYTHIC RARE
606237,1,3,3,0,1,1,Kaldheim,equipment,Bottle,Red,Blue,,,,MYTHIC RARE
606238,3,2,2,3,0,1,Strixhaven,equipment,Sword,Green,Red,Blue,,,MYTHIC RARE
606239,3,2,3,3,3,0,Kaldheim,equipment,Talisman,White,Blue,,,,COMMON
606240,0,2,3,0,0,3,Kamigawa,equipment,Talisman,Black,,,,,UNCOMMON
606241,1,0,2,2,3,2,Ravnica,equipment,Sword,Blue,,,,,UNCOMMON
606242,3,1,3,1,2,0,Strixhaven,equipment,Ring,Green,Blue,Black,,,COMMON
606243,3,1,2,2,0,3,Kaldheim,creature,human,Blue,Black,,,,RARE
606244,2,0,0,2,2,2,DnD,equipment,Talisman,White,Black,,,,UNCOMMON
606245,1,3,2,0,3,3,Kaldheim,equipment,Talisman,Blue,Green,White,,,UNCOMMON
606246,0,1,0,3,2,3,Strixhaven,creature,elf,Black,Green,Red,,,MYTHIC RARE
606247,2,0,2,0,0,3,Kamigawa,creature,zombie,White,Red,,,,UNCOMMON
606248,3,2,3,3,3,3,DnD,equipment,Bottle,Green,White,Red,,,MYTHIC RARE
606249,1,3,1,0,0,1,DnD,creature,human,Green,,,,,UNCOMMON
606250,2,2,3,2,0,1,Innistrad,equipment,Boots,Black,Blue,,,,COMMON
606251,1,0,1,2,0,1,Kamigawa,creature,zombie,White,Red,,,,RARE
606252,1,1,1,1,1,0,DnD,equipment,Ring,Green,,,,,COMMON
606253,1,3,2,2,1,3,Strixhaven,creature,human,Red,White,Blue,Green,Black,UNCOMMON
606254,0,3,3,0,3,3,Kaldheim,equipment,Boots,Blue,Black,,,,RARE
606255,3,3,0,3,3,2,Kaldheim,creature,dwarf,White,Black,,,,UNCOMMON
606256,3,3,0,0,3,2,Kamigawa,equipment,Bottle,Blue,Red,Black,,,RARE
606257,1,0,1,2,1,3,Strixhaven,creature,boar,Red,Green,Blue,,,RARE
606258,2,3,3,2,0,0,DnD,equipment,Sword,Green,Red,Black,,,COMMON
606259,1,0,2,1,2,2,Strixhaven,equipment,Boots,Blue,Green,,,,UNCOMMON
606260,3,1,1,3,0,3,Strixhaven,equipment,Ring,White,Green,,,,UNCOMMON
606261,1,1,2,1,3,2,Ravnica,creature,elf,Green,,,,,RARE
606262,0,2,0,3,2,3,Kamigawa,creature,dwarf,Red,Green,,,,UNCOMMON
606263,0,0,3,3,3,0,Kamigawa,equipment,Sword,Blue,,,,,COMMON
606264,1,3,0,0,1,0,Ravnica,creature,boar,Green,Blue,White,,,COMMON
606265,1,3,1,0,3,1,Innistrad,creature,boar,Blue,Green,Red,,,COMMON
606266,3,0,0,2,3,3,Kamigawa,equipment,Bottle,White,Red,,,,COMMON
606267,3,1,1,2,2,2,Ravnica,creature,boar,Black,Blue,White,,,MYTHIC RARE
606268,3,0,0,3,1,1,Kamigawa,equipment,Bottle,Black,Green,Red,,,UNCOMMON
606269,2,1,0,2,2,3,DnD,creature,zombie,Blue,White,Red,,,RARE
606270,1,3,0,0,2,3,Ravnica,equipment,Ring,Blue,White,Green,,,UNCOMMON
606271,0,1,0,2,3,3,Kaldheim,creature,dwarf,White,Red,Green,,,COMMON
606272,0,1,2,3,2,2,DnD,creature,dragon,Blue,White,,,,COMMON
606273,2,2,1,0,2,3,Ravnica,equipment,Sword,White,Blue,,,,COMMON
606274,0,0,3,1,1,2,Strixhaven,equipment,Talisman,Red,Blue,,,,UNCOMMON
606275,0,1,3,1,2,1,Kaldheim,creature,dwarf,Red,Blue,Green,,,MYTHIC RARE
606276,3,1,2,1,1,2,Strixhaven,equipment,Talisman,Black,Blue,Green,White,,UNCOMMON
606277,2,1,0,3,2,1,Strixhaven,equipment,Ring,Red,,,,,MYTHIC RARE
606278,3,2,2,3,3,0,DnD,creature,elf,Red,Blue,White,,,MYTHIC RARE
606279,1,0,1,3,2,1,Strixhaven,creature,dragon,Green,White,,,,MYTHIC RARE
606280,0,3,0,3,2,2,Strixhaven,creature,human,Black,White,Red,,,UNCOMMON
606281,0,2,1,2,1,2,Kaldheim,creature,boar,Black,,,,,COMMON
606282,0,1,0,2,2,1,Kaldheim,equipment,Sword,White,,,,,COMMON
606283,1,3,3,3,3,1,DnD,creature,human,Red,,,,,RARE
606284,1,0,1,0,2,1,DnD,equipment,Talisman,Black,Red,,,,UNCOMMON
606285,2,0,0,0,0,0,Strixhaven,creature,dragon,Green,White,Red,,,MYTHIC RARE
606286,3,2,2,3,0,0,Innistrad,equipment,Talisman,Green,Red,Blue,White,,RARE
606287,2,0,1,2,3,2,Strixhaven,equipment,Talisman,Black,White,,,,UNCOMMON
606288,3,1,3,3,1,0,Kaldheim,equipment,Bottle,Green,Red,,,,COMMON
606289,1,1,2,1,2,3,Kaldheim,equipment,Talisman,Green,White,Blue,,,UNCOMMON
606290,2,2,2,3,3,0,Innistrad,equipment,Sword,Blue,White,Black,,,UNCOMMON
606291,1,3,2,2,2,1,Innistrad,equipment,Boots,Green,White,,,,RARE
606292,2,0,2,0,3,1,Ravnica,equipment,Talisman,Green,White,,,,UNCOMMON
606293,0,3,2,0,1,1,Kamigawa,equipment,Talisman,Green,Black,,,,RARE
606294,3,2,3,1,2,3,Kaldheim,equipment,Bottle,Blue,,,,,COMMON
606295,2,3,3,2,3,2,Kamigawa,equipment,Bottle,Red,Green,Blue,Black,,RARE
606296,3,1,1,1,3,0,Innistrad,creature,elf,Red,Green,Blue,,,MYTHIC RARE
606297,3,1,0,1,1,3,Kaldheim,creature,dragon,Green,Black,,,,UNCOMMON
606298,3,1,2,0,0,0,Ravnica,equipment,Boots,White,Black,Blue,,,UNCOMMON
606299,1,3,1,0,1,2,Ravnica,creature,zombie,Black,Red,White,Green,,COMMON
606300,0,2,3,1,3,3,Strixhaven,creature,boar,Green,Red,,,,MYTHIC RARE
606301,3,1,3,0,2,3,Innistrad,equipment,Boots,Blue,Red,Black,,,COMMON
606302,2,0,0,3,1,2,Strixhaven,equipment,Boots,Green,Red,,,,MYTHIC RARE
606303,0,2,1,0,3,1,DnD,creature,zombie,Red,Blue,Green,,,COMMON
606304,0,1,0,0,1,1,Kamigawa,equipment,Boots,Red,,,,,COMMON
606305,0,0,3,2,2,2,Kamigawa,equipment,Talisman,White,Green,Blue,Black,,MYTHIC RARE
606306,3,1,1,0,2,2,Kaldheim,equipment,Bottle,Red,White,Green,,,MYTHIC RARE
606307,0,2,0,3,1,1,Ravnica,creature,zombie,Red,Blue,,,,MYTHIC RARE
606308,2,1,3,3,2,0,Innistrad,equipment,Boots,Red,Blue,,,,RARE
606309,3,2,0,3,3,3,Kaldheim,creature,dragon,Red,,,,,RARE
606310,1,0,1,3,3,1,DnD,equipment,Sword,Green,Blue,,,,UNCOMMON
606311,2,1,0,1,2,0,Innistrad,creature,boar,White,,,,,RARE
606312,1,2,0,2,0,3,DnD,creature,elf,White,Blue,Green,,,RARE
606313,1,3,3,1,1,1,Innistrad,equipment,Bottle,Black,White,Red,,,COMMON
606314,3,2,2,0,1,0,DnD,equipment,Ring,White,Blue,Green,,,MYTHIC RARE
606315,1,2,0,0,0,0,Kaldheim,equipment,Bottle,Green,White,Black,,,RARE
606316,2,3,3,1,0,2,Strixhaven,creature,dwarf,Green,Black,,,,MYTHIC RARE
606317,2,0,2,3,1,3,Strixhaven,creature,zombie,Green,Blue,Red,,,COMMON
606318,3,0,1,2,1,2,Strixhaven,creature,elf,Black,Red,,,,RARE
606319,1,2,3,3,3,0,DnD,equipment,Sword,Green,Black,Blue,Red,,MYTHIC RARE
606320,0,3,2,3,2,1,Kamigawa,creature,zombie,Red,Blue,Black,,,RARE
606321,3,3,2,1,0,2,Kaldheim,equipment,Ring,Blue,White,,,,COMMON
606322,0,0,3,2,0,2,Ravnica,creature,human,Black,White,Blue,,,RARE
606323,3,1,3,2,3,3,DnD,equipment,Boots,Green,White,,,,COMMON
606324,1,3,1,2,1,1,Innistrad,equipment,Ring,Green,Blue,,,,MYTHIC RARE
606325,2,2,0,1,2,0,Innistrad,equipment,Talisman,Blue,,,,,UNCOMMON
606326,0,0,3,1,3,1,Kamigawa,creature,dwarf,Red,Black,Green,,,MYTHIC RARE
606327,3,2,3,2,0,2,Innistrad,creature,elf,Black,White,Green,Blue,,RARE
606328,1,3,0,0,0,1,Kamigawa,equipment,Ring,White,Black,Red,Blue,,MYTHIC RARE
606329,3,2,2,3,1,0,DnD,creature,elf,Black,,,,,UNCOMMON
606330,0,3,2,3,2,1,Kaldheim,creature,elf,Black,Red,White,,,MYTHIC RARE
606331,2,1,3,1,3,2,Ravnica,equipment,Talisman,Blue,,,,,RARE
606332,0,1,1,3,0,1,Ravnica,equipment,Boots,Black,Green,Red,,,UNCOMMON
606333,3,1,2,1,2,1,Kamigawa,equipment,Bottle,White,Blue,Red,,,MYTHIC RARE
606334,0,3,0,0,2,0,Strixhaven,creature,dragon,Green,Black,Red,,,RARE
606335,3,2,0,2,0,3,Strixhaven,creature,boar,Blue,Red,Green,,,RARE
606336,2,1,2,1,3,1,Innistrad,creature,zombie,White,Green,Red,,,RARE
606337,0,1,0,0,0,2,Kaldheim,equipment,Boots,Red,Green,Blue,White,,UNCOMMON
606338,1,3,1,0,3,1,Ravnica,equipment,Sword,Blue,Green,,,,RARE
606339,3,3,2,3,1,1,Kamigawa,creature,zombie,Blue,White,,,,COMMON
606340,0,1,0,2,2,1,Ravnica,creature,boar,Red,White,Black,Green,,COMMON
606341,0,2,1,2,2,3,Kaldheim,creature,human,Blue,,,,,UNCOMMON
606342,2,0,0,2,2,2,Ravnica,creature,human,Red,,,,,MYTHIC RARE
606343,2,1,1,0,0,3,DnD,equipment,Sword,Green,Red,White,,,MYTHIC RARE
606344,2,1,3,2,1,1,Ravnica,equipment,Sword,Green,Blue,Red,,,COMMON
606345,3,3,0,2,3,3,Ravnica,equipment,Ring,White,Black,,,,UNCOMMON
606346,1,2,1,3,0,2,Kamigawa,creature,human,Blue,White,,,,UNCOMMON
606347,3,0,1,3,2,1,Strixhaven,creature,dragon,White,Blue,,,,COMMON
606348,1,1,2,2,0,0,Kamigawa,creature,elf,Green,White,Red,,,UNCOMMON
606349,1,2,1,0,0,0,Kamigawa,equipment,Boots,White,Green,,,,COMMON
606350,1,2,2,3,1,2,Kaldheim,creature,zombie,Red,Black,White,Green,,COMMON
606351,3,1,3,1,3,1,DnD,equipment,Sword,Red,Blue,,,,COMMON
606352,1,2,0,3,0,2,Innistrad,equipment,Ring,Red,White,,,,UNCOMMON
606353,1,1,1,1,2,1,Ravnica,equipment,Sword,Green,White,Black,Blue,,MYTHIC RARE
606354,2,2,3,2,3,1,DnD,creature,elf,Blue,White,Black,,,UNCOMMON
606355,2,0,1,3,3,3,Innistrad,equipment,Sword,Green,Black,White,,,COMMON
606356,1,1,2,3,3,1,Ravnica,equipment,Ring,Green,Blue,Black,White,,RARE
606357,2,1,2,2,0,3,DnD,equipment,Boots,White,Green,Black,Red,,UNCOMMON
606358,1,1,2,2,3,2,DnD,equipment,Ring,Red,,,,,MYTHIC RARE
606359,2,2,2,3,2,3,Innistrad,equipment,Bottle,Red,White,Black,Blue,,RARE
606360,3,2,1,1,1,2,Kaldheim,creature,elf,White,Black,Green,,,MYTHIC RARE
606361,3,3,2,2,2,2,Kamigawa,creature,dwarf,Green,,,,,MYTHIC RARE
606362,1,0,2,0,2,0,Innistrad,equipment,Talisman,White,Blue,,,,MYTHIC RARE
606363,2,3,1,3,0,3,Kaldheim,equipment,Bottle,Black,Blue,White,,,MYTHIC RARE
606364,2,2,3,0,3,0,Ravnica,creature,zombie,Red,Blue,,,,MYTHIC RARE
606365,3,3,3,2,0,1,Kaldheim,equipment,Boots,Black,,,,,COMMON
606366,2,2,3,2,0,2,DnD,creature,human,White,,,,,MYTHIC RARE
606367,1,0,3,0,2,2,Innistrad,creature,dragon,Blue,Red,,,,COMMON
606368,3,2,2,1,3,0,Kamigawa,creature,dwarf,Blue,Black,,,,COMMON
606369,3,1,2,1,3,1,Ravnica,creature,human,Red,Black,Green,,,RARE
606370,1,3,2,0,1,0,Strixhaven,equipment,Boots,Black,White,Blue,,,MYTHIC RARE
606371,2,0,1,3,2,2,Kamigawa,creature,zombie,Black,,,,,COMMON
606372,0,1,1,0,1,0,DnD,equipment,Ring,White,Green,,,,UNCOMMON
606373,2,0,2,2,2,1,DnD,creature,boar,Blue,Black,White,,,MYTHIC RARE
606374,0,1,0,3,0,2,Kamigawa,equipment,Bottle,White,Red,,,,MYTHIC RARE
606375,2,2,1,1,0,0,Innistrad,equipment,Ring,Blue,Black,,,,MYTHIC RARE
606376,2,3,3,3,0,0,Kaldheim,creature,dwarf,Green,,,,,COMMON
606377,2,1,1,1,2,0,Kamigawa,creature,zombie,White,Black,,,,RARE
606378,0,2,2,3,0,2,DnD,equipment,Ring,Blue,Red,,,,RARE
606379,0,3,1,1,3,3,Kaldheim,creature,dwarf,White,Green,Red,,,RARE
606380,0,0,2,2,0,0,Ravnica,creature,human,Green,Red,White,,,RARE
606381,2,2,0,0,2,1,Strixhaven,creature,dwarf,Red,Blue,,,,RARE
606382,1,3,3,2,2,0,Strixhaven,equipment,Bottle,White,,,,,UNCOMMON
606383,0,3,2,0,1,0,Kaldheim,creature,boar,Green,,,,,RARE
606384,1,1,0,2,3,3,Innistrad,creature,zombie,Green,Blue,,,,MYTHIC RARE
606385,3,3,2,3,1,0,Kamigawa,creature,boar,Green,,,,,MYTHIC RARE
606386,1,1,2,0,2,3,Ravnica,equipment,Sword,White,,,,,COMMON
606387,1,2,1,3,3,3,Ravnica,creature,human,Blue,Red,White,,,UNCOMMON
606388,2,1,3,3,1,1,Kamigawa,creature,elf,Red,White,,,,COMMON
606389,0,3,0,1,3,3,DnD,creature,dwarf,Green,Black,White,,,UNCOMMON
606390,1,1,1,0,0,0,DnD,creature,boar,Red,Blue,White,,,COMMON
606391,0,0,3,1,3,0,Kamigawa,equipment,Boots,Blue,Green,White,,,MYTHIC RARE
606392,2,0,3,2,0,0,Strixhaven,equipment,Talisman,Red,Blue,Black,,,RARE
606393,0,2,1,3,2,3,DnD,creature,boar,Green,Red,,,,RARE
606394,0,3,0,3,3,0,Strixhaven,equipment,Talisman,Red,,,,,UNCOMMON
606395,0,0,0,0,2,1,Kamigawa,equipment,Bottle,White,Red,Green,,,COMMON
606396,0,0,0,0,3,1,Strixhaven,equipment,Sword,Black,,,,,MYTHIC RARE
606397,3,2,0,2,3,3,DnD,equipment,Ring,Green,Black,White,,,COMMON
606398,1,0,3,2,3,1,Ravnica,creature,human,Black,White,,,,COMMON
606399,3,0,2,0,3,0,Innistrad,equipment,Sword,Black,Blue,,,,RARE
606400,1,3,1,0,0,0,DnD,creature,boar,Blue,White,,,,UNCOMMON
606401,2,1,0,1,0,0,Innistrad,creature,boar,Green,Blue,Red,,,MYTHIC RARE
606402,0,3,3,1,3,2,Kamigawa,creature,elf,Blue,Green,,,,COMMON
606403,3,0,1,2,0,0,Strixhaven,creature,elf,Red,White,,,,COMMON
606404,3,3,2,2,2,3,DnD,creature,zombie,Red,White,,,,UNCOMMON
606405,0,1,1,1,2,1,Kaldheim,creature,zombie,White,Blue,,,,RARE
606406,2,0,0,3,1,3,DnD,creature,human,Red,White,,,,COMMON
606407,3,1,2,1,0,3,Kamigawa,creature,dwarf,White,Blue,Black,Green,,UNCOMMON
606408,3,0,0,1,3,1,DnD,equipment,Sword,Blue,,,,,RARE
606409,1,1,1,1,1,3,Innistrad,creature,dwarf,White,Green,Blue,Black,,UNCOMMON
606410,1,1,1,2,2,0,DnD,creature,zombie,Blue,,,,,COMMON
606411,0,1,2,2,3,1,Strixhaven,equipment,Sword,Blue,Red,White,Green,,MYTHIC RARE
606412,3,2,0,3,2,1,Innistrad,equipment,Bottle,Blue,White,Green,,,UNCOMMON
606413,0,0,0,1,3,0,Innistrad,creature,dwarf,Blue,Black,Green,,,COMMON
606414,1,3,3,1,2,3,DnD,creature,dwarf,Red,,,,,COMMON
606415,1,1,1,1,1,2,Kaldheim,equipment,Boots,Green,,,,,MYTHIC RARE
606416,3,2,1,3,3,1,Kaldheim,creature,boar,Blue,Black,White,,,MYTHIC RARE
606417,0,1,3,3,1,0,Kaldheim,equipment,Talisman,Black,Red,,,,UNCOMMON
606418,2,2,0,0,0,2,Strixhaven,creature,boar,Blue,,,,,RARE
606419,2,3,3,0,2,3,Kamigawa,creature,zombie,Blue,,,,,MYTHIC RARE
606420,3,3,0,0,3,2,Strixhaven,creature,boar,Blue,,,,,MYTHIC RARE
606421,0,1,2,3,1,1,Kaldheim,equipment,Bottle,Black,White,Green,,,RARE
606422,2,0,2,0,3,0,Ravnica,creature,elf,Green,White,Black,,,UNCOMMON
606423,1,3,3,1,1,1,Kaldheim,equipment,Ring,Black,White,Blue,,,UNCOMMON
606424,1,1,1,3,2,1,Innistrad,creature,dwarf,Black,Red,Blue,,,COMMON
606425,1,0,3,3,0,0,Kamigawa,equipment,Boots,White,Red,,,,RARE
606426,0,3,0,1,3,2,DnD,creature,zombie,White,Red,Blue,Green,,MYTHIC RARE
606427,2,1,3,0,3,0,Strixhaven,creature,dragon,White,Green,,,,UNCOMMON
606428,1,2,1,2,3,1,Kaldheim,creature,boar,White,,,,,COMMON
606429,1,3,0,0,2,1,Kaldheim,creature,zombie,Blue,Black,,,,MYTHIC RARE
606430,3,2,0,0,3,1,DnD,creature,dragon,Black,,,,,MYTHIC RARE
606431,2,0,1,2,1,3,Kaldheim,creature,zombie,Red,Black,White,,,UNCOMMON
606432,1,0,1,0,1,0,Strixhaven,creature,elf,Blue,Red,Black,,,MYTHIC RARE
606433,1,0,2,0,0,3,Kaldheim,equipment,Sword,Blue,Red,Black,,,RARE
606434,1,3,1,3,1,0,Ravnica,equipment,Sword,Green,,,,,RARE
606435,1,1,0,0,2,0,Strixhaven,creature,dragon,Green,White,Black,,,COMMON
606436,1,1,3,2,2,2,Innistrad,equipment,Talisman,Blue,White,,,,UNCOMMON
606437,0,1,2,3,3,0,Strixhaven,equipment,Bottle,Blue,Green,,,,MYTHIC RARE
606438,0,0,2,2,1,3,Kaldheim,equipment,Bottle,Black,,,,,UNCOMMON
606439,3,2,1,2,1,2,Kaldheim,creature,human,Blue,Red,,,,UNCOMMON
606440,1,3,0,1,0,3,Ravnica,creature,dragon,White,Red,Green,Blue,Black,RARE
606441,3,3,1,2,3,3,DnD,equipment,Bottle,Black,White,Blue,,,COMMON
606442,0,0,3,1,1,1,Kamigawa,creature,dragon,White,Black,,,,UNCOMMON
606443,2,2,3,1,3,2,Kamigawa,equipment,Talisman,Blue,,,,,COMMON
606444,1,1,3,3,1,3,Kamigawa,equipment,Sword,Black,Blue,White,,,MYTHIC RARE
606445,1,3,3,3,0,0,Strixhaven,creature,human,Blue,White,Black,Green,,RARE
606446,2,3,1,0,3,0,Ravnica,equipment,Sword,Blue,,,,,UNCOMMON
606447,2,2,0,3,2,0,Innistrad,equipment,Boots,Red,Green,,,,UNCOMMON
606448,3,3,2,3,2,0,Ravnica,equipment,Bottle,Green,Blue,Black,,,UNCOMMON
606449,3,0,0,0,3,0,Kaldheim,creature,boar,White,Red,,,,COMMON
606450,3,1,1,1,1,0,Kaldheim,equipment,Talisman,Red,Green,White,,,COMMON
606451,2,1,3,1,1,2,DnD,creature,elf,Blue,Green,,,,COMMON
606452,3,0,0,2,3,1,Innistrad,creature,dwarf,Black,Blue,White,Green,,MYTHIC RARE
606453,3,1,3,0,2,2,Ravnica,creature,elf,Red,Blue,Green,,,RARE
606454,3,2,3,1,0,2,Kaldheim,creature,zombie,White,,,,,UNCOMMON
606455,0,1,3,3,0,1,Kaldheim,equipment,Sword,Black,White,Blue,,,UNCOMMON
606456,0,3,1,2,1,1,Strixhaven,creature,dwarf,Red,White,,,,COMMON
606457,3,2,2,0,0,1,Ravnica,equipment,Ring,Red,Blue,Green,,,COMMON
606458,0,1,3,1,1,3,Ravnica,equipment,Talisman,Black,Green,White,Red,,MYTHIC RARE
606459,3,0,3,3,0,3,Kamigawa,creature,dwarf,Red,Black,White,,,MYTHIC RARE
606460,3,2,2,3,3,0,Kamigawa,creature,zombie,Blue,Red,Black,,,RARE
606461,3,1,3,3,2,0,Innistrad,creature,elf,Black,,,,,RARE
606462,3,1,1,1,2,1,Kaldheim,creature,boar,Blue,Black,Green,White,Red,COMMON
606463,3,0,2,0,1,1,Kamigawa,creature,dwarf,Red,Blue,,,,UNCOMMON
606464,1,1,3,0,3,1,Innistrad,equipment,Sword,Green,,,,,COMMON
606465,0,3,0,2,0,2,DnD,equipment,Ring,Green,,,,,COMMON
606466,3,0,0,0,0,1,Kaldheim,equipment,Talisman,Black,Blue,White,Green,,RARE
606467,2,0,1,2,0,3,Kaldheim,equipment,Sword,Red,Green,Black,Blue,White,UNCOMMON
606468,3,2,0,0,3,1,DnD,creature,dragon,Black,White,Red,,,MYTHIC RARE
606469,0,2,1,2,2,2,Kamigawa,equipment,Bottle,Blue,Red,White,Green,,UNCOMMON
606470,0,3,0,2,2,3,Ravnica,creature,zombie,White,Red,Black,,,UNCOMMON
606471,0,1,2,0,2,0,Strixhaven,equipment,Talisman,Black,Blue,,,,COMMON
606472,0,2,1,3,3,0,Kamigawa,creature,boar,Black,,,,,COMMON
606473,0,2,3,0,0,0,DnD,equipment,Boots,Green,Black,White,,,UNCOMMON
606474,2,3,2,2,0,2,Strixhaven,creature,elf,Blue,Red,,,,RARE
606475,1,3,1,3,1,0,Kamigawa,creature,zombie,Blue,,,,,RARE
606476,2,2,0,2,3,3,Kamigawa,equipment,Talisman,Green,,,,,RARE
606477,3,2,3,3,3,0,Ravnica,creature,dragon,White,Blue,Red,Black,,RARE
606478,0,2,1,3,3,3,Kamigawa,equipment,Sword,Blue,Green,Red,,,RARE
606479,1,2,1,3,3,0,Kamigawa,creature,zombie,Green,,,,,COMMON
606480,3,1,0,1,0,3,Kamigawa,equipment,Ring,Blue,Red,,,,COMMON
606481,1,0,2,0,3,2,DnD,equipment,Bottle,Black,,,,,RARE
606482,0,2,2,1,2,2,DnD,equipment,Sword,Green,,,,,UNCOMMON
606483,3,0,0,0,0,0,Innistrad,equipment,Bottle,Red,White,,,,RARE
606484,3,0,2,1,0,2,DnD,creature,dwarf,Red,,,,,COMMON
606485,0,3,2,0,0,3,Strixhaven,equipment,Talisman,White,Green,Red,,,UNCOMMON
606486,3,1,2,0,0,3,DnD,equipment,Talisman,Red,,,,,UNCOMMON
606487,1,3,0,1,3,2,Innistrad,creature,zombie,White,Black,Red,Blue,,COMMON
606488,1,1,1,3,1,0,DnD,equipment,Talisman,Green,,,,,COMMON
606489,0,0,0,0,3,2,Innistrad,creature,elf,Black,,,,,RARE
606490,2,3,3,1,2,2,Ravnica,equipment,Talisman,Blue,Red,Black,,,MYTHIC RARE
606491,3,1,1,0,0,0,Ravnica,creature,elf,Red,Blue,,,,RARE
606492,2,0,0,2,2,0,Kaldheim,equipment,Boots,Green,White,,,,RARE
606493,3,0,2,0,1,1,Strixhaven,equipment,Ring,Red,White,Blue,,,RARE
606494,0,1,3,1,0,0,Strixhaven,equipment,Boots,White,Green,Blue,,,UNCOMMON
606495,3,2,1,2,1,0,Strixhaven,creature,boar,Blue,,,,,COMMON
606496,2,3,1,2,2,1,Kamigawa,creature,dragon,White,Black,Blue,,,RARE
606497,2,3,1,2,2,0,Kamigawa,creature,dragon,Blue,Red,Black,,,COMMON
606498,0,2,3,3,0,1,Innistrad,equipment,Bottle,Blue,Green,Red,White,,RARE
606499,3,3,3,1,0,0,Kaldheim,equipment,Bottle,Blue,Green,,,,COMMON
606500,0,1,3,2,3,2,Strixhaven,equipment,Talisman,Green,Black,,,,UNCOMMON
606501,1,2,2,0,1,0,Ravnica,equipment,Bottle,White,,,,,MYTHIC RARE
606502,3,0,0,1,1,0,Kamigawa,equipment,Bottle,Red,,,,,UNCOMMON
606503,2,2,1,0,0,2,Kaldheim,creature,boar,White,Black,,,,UNCOMMON
606504,1,3,0,1,2,0,Strixhaven,equipment,Sword,White,Green,,,,COMMON
606505,3,3,3,2,2,3,Strixhaven,equipment,Sword,White,Red,Blue,,,UNCOMMON
606506,1,2,2,3,2,2,DnD,creature,boar,Green,Red,,,,UNCOMMON
606507,3,3,2,3,3,1,Innistrad,equipment,Bottle,White,,,,,UNCOMMON
606508,3,0,0,3,2,2,Kaldheim,equipment,Ring,Red,Green,,,,COMMON
606509,3,3,1,3,2,2,Strixhaven,creature,human,Blue,Red,,,,COMMON
606510,3,2,2,2,1,1,Kaldheim,creature,elf,Red,Blue,White,Green,,MYTHIC RARE
606511,3,3,2,0,2,3,Kamigawa,equipment,Ring,Green,,,,,COMMON
606512,3,1,1,3,0,1,Ravnica,creature,human,Red,Green,,,,MYTHIC RARE
606513,0,1,2,2,2,2,Kaldheim,creature,zombie,Red,,,,,COMMON
606514,0,3,1,0,0,1,Kaldheim,equipment,Ring,White,Blue,,,,UNCOMMON
606515,1,2,0,0,0,2,DnD,equipment,Ring,Red,Blue,White,Green,,MYTHIC RARE
606516,1,0,3,3,1,3,Kaldheim,creature,boar,Green,Red,,,,UNCOMMON
606517,1,0,0,1,0,2,Kaldheim,creature,dwarf,Blue,Green,,,,COMMON
606518,3,0,2,3,3,3,Innistrad,equipment,Sword,Red,Green,,,,COMMON
606519,2,3,2,0,1,1,Kaldheim,creature,human,White,Green,Red,,,MYTHIC RARE
606520,3,3,2,3,1,1,Kaldheim,equipment,Ring,Black,,,,,RARE
606521,1,0,2,0,1,2,Kamigawa,creature,boar,Green,Red,,,,RARE
606522,2,3,2,1,1,2,Innistrad,equipment,Ring,Blue,White,,,,COMMON
606523,2,1,3,0,2,3,Strixhaven,creature,human,Blue,,,,,COMMON
606524,3,3,1,2,3,3,Kamigawa,equipment,Talisman,Blue,Black,White,,,MYTHIC RARE
606525,2,2,1,2,0,3,Strixhaven,creature,dragon,Red,Blue,,,,MYTHIC RARE
606526,1,0,2,1,0,2,Strixhaven,creature,human,Green,Blue,,,,COMMON
606527,0,3,0,0,2,2,Ravnica,equipment,Ring,White,Black,Red,Blue,,MYTHIC RARE
606528,3,1,0,0,3,3,Innistrad,creature,boar,Red,Blue,White,Black,,UNCOMMON
606529,3,0,3,0,0,0,Kamigawa,creature,human,White,Green,Blue,Red,,COMMON
606530,1,1,2,1,1,1,Ravnica,creature,dragon,Blue,White,Red,,,MYTHIC RARE
606531,2,2,0,2,1,2,Kamigawa,equipment,Ring,Blue,Green,,,,UNCOMMON
606532,0,2,1,1,0,1,Innistrad,equipment,Bottle,Green,Black,Red,,,UNCOMMON
606533,3,1,2,1,3,1,Strixhaven,creature,elf,Green,,,,,MYTHIC RARE
606534,1,0,3,1,3,2,Kamigawa,equipment,Bottle,Green,,,,,RARE
606535,1,3,1,1,2,1,Kaldheim,creature,dwarf,Green,Blue,Red,,,COMMON
606536,2,1,2,3,0,2,Ravnica,creature,human,White,Red,,,,UNCOMMON
606537,1,1,0,3,3,0,Innistrad,creature,human,Blue,,,,,MYTHIC RARE
606538,2,2,0,2,2,2,Ravnica,equipment,Bottle,White,Green,Red,,,MYTHIC RARE
606539,3,0,3,1,3,2,Kamigawa,equipment,Bottle,Blue,White,,,,MYTHIC RARE
606540,0,2,3,2,0,2,Kaldheim,equipment,Ring,Green,,,,,COMMON
606541,2,1,2,1,3,0,Ravnica,equipment,Ring,Black,White,Blue,,,UNCOMMON
606542,0,1,0,0,3,1,Innistrad,equipment,Sword,Blue,Black,,,,RARE
606543,3,2,2,0,1,0,Ravnica,equipment,Sword,Black,,,,,COMMON
606544,0,1,0,3,0,2,DnD,creature,dwarf,Red,Blue,Black,,,COMMON
606545,2,1,2,0,3,2,Kaldheim,equipment,Ring,Red,Blue,Black,White,,RARE
606546,3,3,2,3,0,3,Kamigawa,creature,dragon,Green,Red,,,,COMMON
606547,0,1,2,3,1,2,DnD,equipment,Talisman,White,Black,Blue,,,MYTHIC RARE
606548,2,2,3,0,0,1,Ravnica,equipment,Bottle,Black,Red,,,,RARE
606549,1,3,2,0,2,3,Strixhaven,equipment,Boots,White,Red,Green,,,UNCOMMON
606550,0,2,0,1,3,2,Strixhaven,creature,human,White,,,,,COMMON
606551,3,3,0,1,3,3,Innistrad,equipment,Talisman,Blue,White,,,,MYTHIC RARE
606552,1,1,1,1,0,3,Kamigawa,equipment,Bottle,Green,White,Blue,Black,,RARE
606553,0,1,2,3,0,0,DnD,equipment,Boots,Blue,Red,,,,MYTHIC RARE
606554,0,1,2,2,1,2,Kaldheim,equipment,Ring,White,Black,Blue,,,UNCOMMON
606555,3,1,0,1,3,3,Strixhaven,equipment,Ring,Green,,,,,COMMON
606556,1,3,1,2,0,0,Ravnica,creature,zombie,White,Green,,,,RARE
606557,2,3,3,0,0,3,Kaldheim,creature,elf,Blue,Black,Red,White,,RARE
606558,3,3,1,0,0,3,Kamigawa,creature,dwarf,Blue,Black,Red,White,,UNCOMMON
606559,1,0,1,1,3,2,DnD,creature,zombie,Red,Blue,,,,RARE
606560,2,0,1,1,1,3,DnD,equipment,Talisman,Black,,,,,UNCOMMON
606561,2,0,1,2,2,0,Kamigawa,creature,human,Green,,,,,UNCOMMON
606562,3,2,3,1,1,2,Ravnica,equipment,Talisman,Blue,Black,,,,UNCOMMON
606563,1,2,3,3,2,1,Strixhaven,equipment,Bottle,Blue,White,Black,,,RARE
606564,1,2,3,3,3,3,DnD,creature,boar,White,,,,,MYTHIC RARE
606565,1,2,1,2,1,3,Kaldheim,creature,dragon,Blue,,,,,RARE
606566,3,0,2,2,0,3,Ravnica,equipment,Ring,Blue,Black,,,,COMMON
606567,3,2,2,0,0,1,Strixhaven,equipment,Bottle,Red,Green,White,,,COMMON
606568,3,3,0,3,1,2,Kamigawa,equipment,Bottle,White,Blue,Black,Green,,COMMON
606569,1,3,3,2,2,2,Kaldheim,creature,dragon,Green,,,,,MYTHIC RARE
606570,1,2,3,1,1,1,Strixhaven,creature,zombie,White,Black,,,,UNCOMMON
606571,0,1,0,3,0,3,Strixhaven,creature,human,Blue,,,,,COMMON
606572,3,2,2,3,0,2,Kamigawa,creature,dragon,White,Red,Blue,,,COMMON
606573,1,2,1,1,3,1,Kaldheim,creature,elf,Black,,,,,COMMON
606574,1,1,1,1,0,3,Strixhaven,creature,human,Blue,Green,,,,RARE
606575,2,1,0,1,1,0,Kamigawa,creature,zombie,Black,White,,,,MYTHIC RARE
606576,1,3,3,0,2,1,Kamigawa,creature,elf,Blue,Green,,,,UNCOMMON
606577,1,1,1,3,2,1,DnD,equipment,Ring,Green,Black,Red,,,RARE
606578,3,0,1,0,1,1,DnD,equipment,Ring,Blue,,,,,COMMON
606579,1,1,1,2,3,0,Strixhaven,creature,human,Black,,,,,COMMON
606580,3,2,2,0,3,3,DnD,equipment,Sword,Green,White,Blue,Red,,MYTHIC RARE
606581,0,1,1,3,1,0,Strixhaven,creature,zombie,Black,White,,,,RARE
606582,3,0,0,0,2,3,Kaldheim,equipment,Ring,Black,,,,,MYTHIC RARE
606583,2,1,2,0,3,3,Kamigawa,creature,elf,Blue,Red,Black,,,MYTHIC RARE
606584,1,3,1,3,2,1,DnD,creature,dwarf,Blue,Red,,,,MYTHIC RARE
606585,0,3,0,1,3,0,Ravnica,creature,human,Green,Red,,,,COMMON
606586,2,2,1,2,2,2,DnD,equipment,Ring,Black,White,,,,MYTHIC RARE
606587,1,3,1,0,3,1,Kaldheim,creature,human,Green,White,Red,,,COMMON
606588,1,2,3,3,3,1,Kaldheim,equipment,Ring,Green,Black,Blue,,,COMMON
606589,2,0,0,3,0,2,Strixhaven,creature,dwarf,Black,,,,,MYTHIC RARE
606590,1,0,1,2,3,3,Innistrad,equipment,Boots,White,Green,,,,COMMON
606591,1,0,2,3,0,3,Innistrad,equipment,Sword,White,Black,Blue,,,MYTHIC RARE
606592,2,2,3,3,1,1,Kamigawa,creature,human,White,Blue,Black,Green,,RARE
606593,0,0,0,0,0,1,Kamigawa,creature,dwarf,Blue,,,,,RARE
606594,0,3,1,2,1,0,Innistrad,equipment,Sword,Green,Black,Red,,,MYTHIC RARE
606595,1,0,3,1,3,1,Innistrad,creature,elf,Red,,,,,RARE
606596,2,0,3,0,2,1,Innistrad,equipment,Talisman,Black,Blue,Red,,,COMMON
606597,2,0,3,3,1,3,Kaldheim,creature,zombie,Green,,,,,COMMON
606598,3,3,2,1,2,3,Ravnica,equipment,Ring,White,Red,Blue,,,RARE
606599,1,3,1,1,1,2,Ravnica,equipment,Ring,Green,White,Red,Black,,RARE
606600,2,2,2,0,0,3,Kamigawa,creature,dragon,White,,,,,RARE
606601,3,0,0,0,3,3,Innistrad,equipment,Ring,Green,,,,,RARE
606602,1,0,0,0,3,2,Innistrad,creature,dwarf,Black,White,,,,MYTHIC RARE
606603,2,2,0,0,1,1,Ravnica,creature,zombie,White,Blue,Black,,,MYTHIC RARE
606604,2,0,3,2,0,0,Ravnica,equipment,Sword,White,Black,,,,COMMON
606605,2,3,0,0,1,2,DnD,creature,zombie,Blue,White,Green,,,COMMON
606606,2,3,0,2,2,3,Innistrad,creature,human,Black,,,,,RARE
606607,2,1,3,0,3,0,Kaldheim,creature,elf,Blue,Red,Black,Green,,MYTHIC RARE
606608,3,2,2,0,0,2,Strixhaven,creature,zombie,Blue,White,Black,,,RARE
606609,0,3,1,1,0,1,Strixhaven,equipment,Boots,Blue,Green,,,,COMMON
606610,2,2,2,0,1,0,Kamigawa,equipment,Talisman,White,,,,,RARE
606611,0,1,1,1,2,2,Innistrad,equipment,Ring,Red,Green,Black,,,UNCOMMON
606612,1,3,2,0,1,2,Strixhaven,creature,dwarf,White,,,,,UNCOMMON
606613,0,0,2,1,3,1,Ravnica,creature,elf,White,Black,Blue,,,COMMON
606614,3,0,1,1,3,1,Kamigawa,creature,dragon,White,Blue,Green,,,MYTHIC RARE
606615,3,0,0,0,2,2,Kaldheim,creature,dragon,Green,White,Black,,,MYTHIC RARE
606616,1,3,1,2,3,1,Strixhaven,equipment,Bottle,Green,,,,,COMMON
606617,1,0,1,3,3,2,Kamigawa,creature,dwarf,Red,Blue,White,Black,,RARE
606618,3,2,1,0,1,2,Kamigawa,equipment,Sword,White,Green,Black,Blue,,COMMON
606619,0,1,3,2,2,0,Innistrad,equipment,Boots,Black,,,,,RARE
606620,2,1,1,1,0,3,Strixhaven,equipment,Bottle,Black,Blue,Red,,,COMMON
606621,3,3,3,1,0,3,Innistrad,creature,elf,Green,,,,,RARE
606622,3,2,2,0,3,2,DnD,creature,dragon,White,,,,,COMMON
606623,1,2,0,3,3,0,Ravnica,creature,human,Blue,White,Red,Black,,UNCOMMON
606624,2,1,2,2,0,3,Innistrad,creature,dwarf,Black,White,Red,,,MYTHIC RARE
606625,0,2,0,2,2,3,Ravnica,equipment,Ring,Red,Blue,,,,UNCOMMON
606626,1,1,3,3,3,2,Ravnica,creature,human,Green,White,,,,UNCOMMON
606627,0,1,3,0,0,0,Kamigawa,equipment,Sword,White,Red,,,,RARE
606628,1,3,1,3,2,2,Strixhaven,creature,zombie,Red,Black,,,,UNCOMMON
606629,2,0,0,0,3,0,Ravnica,equipment,Bottle,Blue,,,,,COMMON
606630,0,1,1,2,2,0,DnD,creature,human,Red,Black,Green,,,MYTHIC RARE
606631,1,0,3,0,0,3,Kaldheim,creature,dwarf,Blue,Black,Green,,,MYTHIC RARE
606632,1,2,2,1,0,1,DnD,creature,zombie,Blue,Red,,,,MYTHIC RARE
606633,0,1,1,1,1,2,Ravnica,creature,dwarf,Black,Red,Green,,,RARE
606634,1,2,3,1,0,1,Kaldheim,equipment,Ring,White,Blue,Green,Black,,COMMON
606635,0,3,1,1,3,0,Innistrad,creature,human,Green,Black,Blue,,,MYTHIC RARE
606636,0,2,1,3,0,1,Kamigawa,creature,dwarf,Black,Blue,Red,Green,,UNCOMMON
606637,3,2,3,0,2,3,Ravnica,creature,human,Blue,,,,,UNCOMMON
606638,2,0,1,0,2,1,Ravnica,equipment,Bottle,White,Black,,,,MYTHIC RARE
606639,2,3,3,2,0,3,Ravnica,equipment,Talisman,Blue,,,,,COMMON
606640,0,3,0,0,2,2,Kaldheim,equipment,Bottle,Blue,,,,,RARE
606641,3,0,2,0,0,0,DnD,equipment,Sword,Black,,,,,MYTHIC RARE
606642,3,0,2,0,0,2,Ravnica,creature,dwarf,White,Blue,,,,UNCOMMON
606643,3,0,1,3,2,2,Strixhaven,equipment,Sword,Green,Black,Red,White,,COMMON
606644,0,0,0,1,3,0,Strixhaven,creature,boar,Red,Green,,,,MYTHIC RARE
606645,0,1,2,1,3,3,Innistrad,equipment,Talisman,White,Blue,Red,Green,Black,COMMON
606646,1,2,0,2,0,0,Innistrad,equipment,Bottle,Green,,,,,MYTHIC RARE
606647,2,3,1,1,3,3,Innistrad,equipment,Bottle,Green,,,,,RARE
606648,2,0,2,3,0,1,DnD,equipment,Sword,White,Red,,,,MYTHIC RARE
606649,1,2,2,3,2,3,Strixhaven,equipment,Bottle,Blue,Green,Black,,,UNCOMMON
606650,1,2,3,1,0,0,DnD,equipment,Sword,Red,White,Blue,,,RARE
606651,1,3,2,3,1,1,Kamigawa,equipment,Sword,Green,,,,,MYTHIC RARE
606652,1,0,2,3,2,0,Strixhaven,equipment,Ring,Green,Blue,,,,COMMON
606653,1,1,3,1,1,2,Kamigawa,creature,human,Green,Black,Red,,,COMMON
606654,2,2,3,0,0,2,Kaldheim,creature,boar,Black,Blue,,,,COMMON
606655,1,2,3,0,1,2,Innistrad,creature,dragon,Green,Blue,,,,UNCOMMON
606656,2,1,2,3,2,0,DnD,creature,zombie,Black,Blue,,,,MYTHIC RARE
606657,2,2,2,1,1,0,Strixhaven,equipment,Talisman,White,Blue,Red,,,RARE
606658,1,0,2,2,1,2,Innistrad,creature,dwarf,Blue,Red,,,,RARE
606659,0,3,1,1,0,3,DnD,equipment,Ring,Red,,,,,RARE
606660,3,3,2,1,1,1,Ravnica,creature,boar,Green,White,,,,RARE
606661,0,1,0,0,3,1,Ravnica,equipment,Bottle,White,Red,Green,Blue,,RARE
606662,0,1,1,3,3,2,Innistrad,creature,boar,Green,Blue,Red,,,UNCOMMON
606663,2,1,1,1,3,2,Strixhaven,creature,elf,Blue,Red,,,,UNCOMMON
606664,0,0,1,0,1,1,Kamigawa,creature,human,Blue,,,,,MYTHIC RARE
606665,3,3,3,2,2,2,Innistrad,creature,dwarf,Green,White,Black,,,MYTHIC RARE
606666,3,0,1,1,0,3,Strixhaven,equipment,Bottle,Blue,Red,,,,UNCOMMON
606667,3,1,0,0,3,0,Kaldheim,equipment,Bottle,Blue,,,,,COMMON
606668,3,1,0,1,3,1,DnD,equipment,Talisman,Blue,White,,,,COMMON
606669,3,2,0,1,1,1,Strixhaven,creature,human,Green,Blue,Black,,,UNCOMMON
606670,0,1,3,0,0,0,Kamigawa,creature,human,Red,Black,Blue,,,UNCOMMON
606671,0,1,2,0,0,0,Strixhaven,creature,elf,Green,White,,,,RARE
606672,3,3,0,2,1,2,Ravnica,creature,dragon,Blue,Green,,,,COMMON
606673,0,1,2,1,0,3,Innistrad,equipment,Boots,Black,White,Green,,,COMMON
606674,2,3,2,0,2,3,Kaldheim,creature,zombie,Green,Red,White,Black,,RARE
606675,1,0,0,2,3,2,Kamigawa,equipment,Talisman,Blue,Red,White,,,RARE
606676,0,3,2,1,2,1,Ravnica,equipment,Talisman,Black,White,,,,UNCOMMON
606677,3,1,2,2,3,0,Ravnica,equipment,Talisman,Green,Black,,,,RARE
606678,0,0,3,1,0,2,Innistrad,equipment,Boots,Blue,White,,,,MYTHIC RARE
606679,2,2,0,1,1,1,Kaldheim,equipment,Bottle,Green,Black,White,Blue,,COMMON
606680,1,1,3,1,3,2,DnD,creature,human,Black,,,,,MYTHIC RARE
606681,3,1,3,0,1,1,Kamigawa,equipment,Sword,Blue,Red,,,,RARE
606682,1,2,0,0,1,0,Kamigawa,equipment,Sword,White,,,,,COMMON
606683,3,1,2,3,2,3,Kaldheim,creature,elf,Black,White,,,,RARE
606684,0,1,2,2,3,3,Innistrad,creature,boar,Green,Black,,,,UNCOMMON
606685,1,2,3,2,3,2,Ravnica,creature,human,Blue,Green,,,,UNCOMMON
606686,2,1,3,0,3,2,Kamigawa,creature,human,Green,,,,,RARE
606687,3,0,1,3,0,3,DnD,creature,zombie,Blue,Black,,,,RARE
606688,0,0,2,3,3,0,Strixhaven,creature,elf,Green,Red,Black,White,,RARE
606689,3,0,3,2,2,2,Ravnica,creature,dragon,Red,Green,Black,,,COMMON
606690,3,1,1,1,1,3,Strixhaven,creature,dragon,Black,Blue,,,,RARE
606691,2,0,0,2,1,1,Ravnica,creature,elf,Blue,Red,,,,MYTHIC RARE
606692,2,0,0,1,3,0,DnD,equipment,Ring,Black,,,,,MYTHIC RARE
606693,2,1,3,1,1,1,Ravnica,creature,human,Black,White,Red,,,COMMON
606694,2,3,2,1,3,1,Strixhaven,creature,dwarf,Red,Blue,,,,UNCOMMON
606695,2,0,2,1,0,0,Strixhaven,creature,human,Black,,,,,COMMON
606696,0,0,2,3,0,0,Innistrad,equipment,Ring,Green,Blue,Red,,,RARE
606697,3,1,0,3,2,2,Ravnica,equipment,Ring,Black,,,,,MYTHIC RARE
606698,0,0,0,1,0,2,Kaldheim,equipment,Bottle,Red,Blue,Green,,,UNCOMMON
606699,3,2,3,1,2,0,Kaldheim,creature,boar,Green,Blue,,,,COMMON
606700,1,0,1,3,1,0,Kamigawa,creature,human,Black,,,,,RARE
606701,3,0,0,1,3,1,Innistrad,creature,boar,Red,,,,,MYTHIC RARE
606702,1,0,1,2,0,3,Kamigawa,creature,zombie,White,Blue,Black,,,UNCOMMON
606703,3,0,1,0,3,0,Kamigawa,creature,human,Green,,,,,MYTHIC RARE
606704,3,1,1,0,3,3,Kaldheim,equipment,Sword,Black,White,Blue,,,COMMON
606705,0,1,3,0,0,2,Kamigawa,equipment,Ring,Blue,Black,Red,,,UNCOMMON
606706,0,3,3,0,1,2,Kamigawa,creature,dwarf,Black,White,Blue,Green,,RARE
606707,0,3,0,3,0,0,Strixhaven,creature,dragon,Blue,Green,White,,,COMMON
606708,2,1,0,0,0,3,Kaldheim,equipment,Bottle,Black,Blue,White,Green,,COMMON
606709,3,1,1,1,0,1,Innistrad,creature,zombie,Blue,Black,,,,RARE
606710,3,0,3,3,0,3,Innistrad,equipment,Boots,Blue,,,,,MYTHIC RARE
606711,2,1,2,1,0,1,Innistrad,equipment,Sword,Black,Blue,,,,UNCOMMON
606712,1,0,0,3,2,2,Kaldheim,equipment,Sword,Black,Green,,,,COMMON
606713,1,0,2,2,3,1,Kaldheim,equipment,Sword,White,Green,Black,,,COMMON
606714,2,2,3,3,0,0,Strixhaven,equipment,Talisman,Blue,White,,,,MYTHIC RARE
606715,3,1,2,0,3,3,DnD,equipment,Ring,White,Black,Blue,Red,,MYTHIC RARE
606716,2,2,2,1,1,0,Ravnica,creature,dwarf,Green,,,,,COMMON
606717,0,3,2,0,0,3,Kamigawa,creature,dragon,Blue,,,,,RARE
606718,1,2,3,3,0,3,Strixhaven,equipment,Sword,Black,,,,,RARE
606719,0,3,0,0,1,2,Kaldheim,equipment,Boots,Red,Green,Blue,,,MYTHIC RARE
606720,0,2,0,1,2,0,Ravnica,creature,human,Green,White,,,,RARE
606721,1,3,1,3,1,2,Innistrad,creature,elf,White,,,,,COMMON
606722,3,2,0,1,1,0,Kamigawa,creature,elf,Red,White,Black,,,MYTHIC RARE
606723,0,0,3,0,0,1,Strixhaven,equipment,Sword,Green,,,,,MYTHIC RARE
606724,0,3,3,0,3,0,Strixhaven,equipment,Boots,Green,White,Blue,Red,,MYTHIC RARE
606725,3,2,2,2,3,2,DnD,equipment,Boots,White,,,,,RARE
606726,3,2,2,0,1,0,Innistrad,creature,dragon,Red,,,,,MYTHIC RARE
606727,3,0,3,3,3,1,Kaldheim,equipment,Talisman,Black,Red,Blue,Green,,MYTHIC RARE
606728,3,1,1,0,1,0,Kaldheim,creature,human,White,Blue,Black,,,COMMON
606729,3,1,3,2,0,0,Strixhaven,creature,boar,Blue,White,Black,Red,,UNCOMMON
606730,1,1,2,2,0,3,Kamigawa,creature,zombie,Blue,Red,,,,RARE
606731,3,0,0,0,0,3,Ravnica,equipment,Boots,Black,White,,,,MYTHIC RARE
606732,0,0,2,3,0,1,Kamigawa,creature,boar,Red,Green,White,Blue,,COMMON
606733,0,0,1,3,2,0,Kamigawa,equipment,Sword,White,Blue,,,,COMMON
606734,1,3,3,1,3,1,Strixhaven,creature,zombie,Black,Green,,,,RARE
606735,0,0,2,1,1,0,DnD,creature,zombie,White,Black,,,,UNCOMMON
606736,3,0,1,2,2,3,Innistrad,equipment,Boots,Green,Blue,Red,,,COMMON
606737,3,2,0,2,3,1,Kamigawa,creature,elf,Blue,White,Red,Green,,UNCOMMON
606738,3,2,1,3,1,3,Kamigawa,creature,zombie,White,Blue,,,,MYTHIC RARE
606739,0,2,3,2,3,0,Innistrad,creature,elf,White,Black,Green,,,UNCOMMON
606740,1,1,2,2,2,3,Kamigawa,equipment,Talisman,Black,Green,Blue,,,UNCOMMON
606741,2,1,2,3,0,1,Kaldheim,equipment,Boots,Green,Black,Red,,,RARE
606742,3,1,1,1,0,1,Kaldheim,equipment,Bottle,Red,White,,,,RARE
606743,1,3,2,2,1,3,Innistrad,equipment,Boots,Red,,,,,RARE
606744,3,1,1,0,1,3,Kamigawa,equipment,Bottle,White,Green,Red,,,MYTHIC RARE
606745,2,0,1,2,3,1,Kamigawa,equipment,Bottle,Black,White,,,,UNCOMMON
606746,0,1,3,0,1,0,Kamigawa,creature,boar,Red,,,,,COMMON
606747,2,0,2,3,2,3,Strixhaven,equipment,Sword,Red,Black,Blue,,,RARE
606748,3,1,2,2,2,3,Strixhaven,equipment,Ring,Blue,White,,,,UNCOMMON
606749,3,1,1,3,0,0,Innistrad,equipment,Boots,White,Black,Blue,Red,,MYTHIC RARE
606750,0,1,0,2,0,2,Kamigawa,creature,zombie,Green,White,Black,Red,,COMMON
606751,2,0,3,1,1,3,Ravnica,equipment,Ring,Green,Black,Blue,,,COMMON
606752,3,3,1,0,1,2,Kamigawa,equipment,Sword,Black,White,,,,UNCOMMON
606753,3,1,1,0,1,1,DnD,creature,dwarf,Green,Red,Black,Blue,White,RARE
606754,1,3,1,0,0,3,DnD,equipment,Talisman,Green,Black,,,,MYTHIC RARE
606755,1,0,3,1,3,2,Innistrad,creature,elf,White,,,,,UNCOMMON
606756,3,0,2,2,3,3,Ravnica,equipment,Talisman,Blue,,,,,COMMON
606757,1,3,2,2,2,2,Ravnica,equipment,Sword,Blue,Red,Black,,,UNCOMMON
606758,1,1,2,2,0,3,Strixhaven,creature,human,White,,,,,RARE
606759,2,0,0,3,1,0,Ravnica,equipment,Ring,Blue,Red,Green,,,MYTHIC RARE
606760,3,1,3,0,0,2,Strixhaven,equipment,Bottle,Black,Red,,,,MYTHIC RARE
606761,0,2,2,2,1,1,DnD,equipment,Boots,Black,Red,White,,,UNCOMMON
606762,2,2,1,1,0,2,DnD,creature,boar,Green,Blue,White,,,UNCOMMON
606763,3,3,1,1,1,3,Ravnica,equipment,Ring,Green,,,,,UNCOMMON
606764,1,1,2,2,2,3,Innistrad,creature,boar,Blue,Green,,,,COMMON
606765,3,2,2,3,0,2,Ravnica,creature,human,Red,Black,White,,,MYTHIC RARE
606766,1,2,2,2,2,0,Ravnica,equipment,Talisman,White,Black,Red,,,MYTHIC RARE
606767,2,1,3,1,2,0,Ravnica,equipment,Sword,Blue,White,Red,,,COMMON
606768,0,3,1,1,0,0,Ravnica,creature,zombie,Black,Blue,Red,,,UNCOMMON
606769,0,1,3,1,3,0,DnD,equipment,Sword,Green,Blue,Black,,,RARE
606770,3,0,0,1,1,0,Strixhaven,equipment,Ring,White,Blue,Black,Green,,UNCOMMON
606771,0,2,2,0,3,0,Kamigawa,equipment,Sword,White,,,,,RARE
606772,1,0,2,2,1,1,Innistrad,creature,zombie,Blue,Black,Red,White,,MYTHIC RARE
606773,2,0,1,1,0,1,Strixhaven,equipment,Bottle,Black,Red,Green,,,UNCOMMON
606774,0,2,1,0,2,2,Innistrad,creature,human,Black,Green,Red,White,,RARE
606775,1,1,0,1,3,3,Kamigawa,creature,dragon,White,Black,,,,COMMON
606776,2,2,0,2,0,3,Strixhaven,equipment,Bottle,White,Green,Black,Red,,UNCOMMON
606777,1,3,1,0,3,1,Innistrad,equipment,Bottle,Red,White,Blue,,,RARE
606778,0,1,1,1,1,3,DnD,creature,human,Red,Green,White,,,MYTHIC RARE
606779,2,1,3,1,0,1,Innistrad,creature,dragon,Red,,,,,COMMON
606780,2,3,2,3,0,1,DnD,equipment,Ring,Blue,Black,White,,,UNCOMMON
606781,2,2,3,3,2,3,Ravnica,creature,dragon,White,Green,Black,Red,,UNCOMMON
606782,1,2,0,0,2,2,Strixhaven,equipment,Bottle,Blue,White,Black,,,MYTHIC RARE
606783,2,0,3,0,0,2,Innistrad,equipment,Talisman,Blue,,,,,RARE
606784,3,0,2,2,1,2,Kaldheim,equipment,Boots,Green,,,,,COMMON
606785,1,2,3,3,2,1,Ravnica,creature,zombie,Black,Blue,Green,,,RARE
606786,1,1,1,0,0,3,Strixhaven,equipment,Bottle,Black,Red,,,,UNCOMMON
606787,0,3,1,2,2,1,Kaldheim,equipment,Sword,White,Red,Blue,,,UNCOMMON
606788,2,3,0,3,1,3,Ravnica,creature,boar,White,Red,Green,Blue,,MYTHIC RARE
606789,3,0,1,2,1,3,Innistrad,creature,boar,Black,Red,,,,COMMON
606790,2,2,0,2,1,1,Ravnica,equipment,Talisman,Green,Black,White,,,MYTHIC RARE
606791,3,0,1,3,2,2,Strixhaven,equipment,Bottle,Black,White,Red,,,UNCOMMON
606792,0,0,1,2,2,2,DnD,equipment,Bottle,Green,,,,,COMMON
606793,2,3,2,0,2,1,Strixhaven,creature,dwarf,Blue,White,Black,,,MYTHIC RARE
606794,3,1,1,3,0,1,Kaldheim,equipment,Sword,Blue,Black,,,,COMMON
606795,1,3,2,0,1,0,DnD,equipment,Sword,White,,,,,MYTHIC RARE
606796,2,3,3,3,2,0,Strixhaven,equipment,Boots,Green,Red,,,,MYTHIC RARE
606797,3,1,3,0,0,3,Ravnica,creature,elf,White,,,,,RARE
606798,2,1,3,1,2,1,DnD,equipment,Bottle,Black,Green,White,,,UNCOMMON
606799,0,1,0,3,0,3,DnD,creature,dwarf,Black,Blue,,,,UNCOMMON
606800,3,3,0,1,0,0,Kamigawa,equipment,Sword,Green,Black,,,,MYTHIC RARE
606801,2,2,3,1,2,2,DnD,equipment,Ring,Blue,Red,White,,,COMMON
606802,0,0,3,3,1,3,Kamigawa,creature,boar,Black,,,,,MYTHIC RARE
606803,3,1,0,3,0,1,DnD,creature,boar,White,Green,Red,Blue,Black,UNCOMMON
606804,2,1,1,3,2,0,Kaldheim,equipment,Bottle,White,,,,,UNCOMMON
606805,1,2,2,2,1,0,Strixhaven,equipment,Sword,Blue,Black,Green,,,COMMON
606806,3,2,0,1,2,2,DnD,equipment,Boots,Red,Black,Blue,Green,,UNCOMMON
606807,1,3,0,2,3,3,Strixhaven,creature,human,Blue,,,,,COMMON
606808,2,0,0,2,3,3,Kaldheim,equipment,Talisman,Black,Green,Blue,,,MYTHIC RARE
606809,1,0,0,3,0,3,Innistrad,creature,elf,Blue,,,,,RARE
606810,1,0,1,2,3,0,Strixhaven,creature,elf,White,,,,,RARE
606811,3,2,1,3,3,0,DnD,equipment,Sword,Red,Green,Black,Blue,,UNCOMMON
606812,0,2,2,3,1,1,Kamigawa,equipment,Boots,Green,Black,Blue,,,MYTHIC RARE
606813,3,1,2,2,0,2,Kamigawa,equipment,Sword,Red,White,,,,UNCOMMON
606814,1,3,2,0,2,3,Strixhaven,creature,dwarf,White,,,,,COMMON
606815,3,0,0,2,2,1,Innistrad,equipment,Talisman,White,Green,,,,MYTHIC RARE
606816,3,1,0,0,3,0,Strixhaven,creature,boar,White,Red,,,,COMMON
606817,1,2,1,3,3,3,DnD,equipment,Bottle,White,,,,,UNCOMMON
606818,3,3,0,2,1,0,Ravnica,creature,boar,Black,,,,,UNCOMMON
606819,1,3,3,1,1,3,Ravnica,creature,zombie,Blue,White,Black,,,RARE
606820,3,2,2,1,1,3,Kaldheim,equipment,Boots,Green,Red,,,,UNCOMMON
606821,3,1,0,2,0,2,DnD,creature,dwarf,Black,White,,,,COMMON
606822,2,3,0,2,3,0,DnD,creature,zombie,Red,,,,,MYTHIC RARE
606823,3,2,3,0,0,2,Strixhaven,creature,boar,Blue,,,,,UNCOMMON
606824,2,1,2,1,0,3,DnD,equipment,Boots,Black,Red,Blue,,,COMMON
606825,3,1,3,2,3,0,Innistrad,creature,zombie,White,Black,,,,UNCOMMON
606826,3,3,3,0,0,3,Kaldheim,creature,zombie,White,Red,Black,,,MYTHIC RARE
606827,0,0,0,3,2,3,Innistrad,equipment,Boots,White,Blue,Red,,,UNCOMMON
606828,3,0,3,1,0,2,Innistrad,equipment,Ring,Black,Green,Red,White,Blue,RARE
606829,2,2,0,1,3,1,Ravnica,equipment,Ring,White,Blue,,,,COMMON
606830,1,2,2,1,0,0,Innistrad,equipment,Sword,Green,White,Black,,,UNCOMMON
606831,2,3,2,1,3,1,Kamigawa,equipment,Talisman,White,Black,,,,UNCOMMON
606832,0,2,0,3,1,0,Strixhaven,equipment,Talisman,White,,,,,COMMON
606833,1,1,1,1,1,1,Ravnica,equipment,Ring,Red,,,,,RARE
606834,0,3,3,1,2,0,Kamigawa,creature,elf,Red,,,,,MYTHIC RARE
606835,0,0,0,1,1,3,Kaldheim,equipment,Ring,Green,Black,Blue,,,MYTHIC RARE
606836,3,3,1,2,2,2,Kaldheim,equipment,Ring,Green,Red,,,,MYTHIC RARE
606837,0,0,1,3,2,0,Innistrad,creature,boar,Blue,Green,Red,,,UNCOMMON
606838,0,3,2,1,3,1,Kaldheim,creature,dwarf,Black,Red,,,,MYTHIC RARE
606839,0,2,2,3,0,2,Kaldheim,equipment,Talisman,Blue,White,Red,Green,,RARE
606840,3,3,2,1,2,1,Innistrad,creature,human,Green,Red,,,,RARE
606841,2,1,3,2,1,1,Ravnica,creature,human,Green,Red,,,,RARE
606842,1,2,2,0,3,3,DnD,creature,human,Red,,,,,UNCOMMON
606843,2,1,3,3,0,3,Strixhaven,equipment,Boots,Green,Red,,,,MYTHIC RARE
606844,1,1,3,2,2,1,DnD,equipment,Talisman,Blue,Green,,,,MYTHIC RARE
606845,0,3,3,3,1,1,DnD,equipment,Talisman,Green,White,Red,,,RARE
606846,2,2,2,3,0,0,Kaldheim,creature,human,Red,,,,,MYTHIC RARE
606847,2,0,1,0,3,0,Kaldheim,equipment,Sword,Green,,,,,COMMON
606848,2,1,1,0,0,2,Strixhaven,equipment,Sword,Black,Blue,,,,UNCOMMON
606849,1,2,2,1,1,0,Kamigawa,equipment,Ring,Black,Red,Green,,,MYTHIC RARE
606850,3,3,0,3,0,3,Strixhaven,equipment,Talisman,Green,Blue,White,,,RARE
606851,0,1,2,1,2,0,Kamigawa,equipment,Boots,Red,Green,Black,White,,RARE
606852,2,3,0,0,2,1,Kamigawa,creature,elf,Red,,,,,RARE
606853,0,3,0,1,0,3,Ravnica,equipment,Sword,Red,Green,White,,,MYTHIC RARE
606854,2,2,1,0,3,3,Kamigawa,equipment,Boots,Red,Blue,Black,White,,RARE
606855,0,3,3,0,0,3,Kamigawa,equipment,Boots,Blue,White,,,,UNCOMMON
606856,0,1,1,0,2,3,Strixhaven,creature,dragon,Black,White,Red,,,MYTHIC RARE
606857,3,3,0,3,1,2,Kaldheim,creature,dwarf,Black,Red,,,,UNCOMMON
606858,2,0,3,0,3,3,Kaldheim,equipment,Bottle,Black,White,Red,,,COMMON
606859,3,3,0,0,3,0,Kaldheim,equipment,Sword,White,,,,,COMMON
606860,2,2,3,2,3,3,DnD,creature,elf,Blue,,,,,RARE
606861,3,0,1,0,0,2,Innistrad,equipment,Bottle,Green,Red,Blue,,,UNCOMMON
606862,2,2,2,3,3,3,Innistrad,equipment,Bottle,Green,Red,Blue,,,COMMON
606863,3,2,1,1,1,0,Kaldheim,equipment,Sword,Red,Green,Black,White,Blue,UNCOMMON
606864,3,3,1,3,1,0,Innistrad,creature,elf,White,Green,Red,,,RARE
606865,2,1,0,1,1,3,Kaldheim,equipment,Talisman,White,Blue,Black,,,UNCOMMON
606866,1,0,2,3,2,3,Kamigawa,creature,boar,Blue,White,Red,Black,,RARE
606867,0,2,2,2,3,0,Kaldheim,equipment,Boots,Red,Green,,,,MYTHIC RARE
606868,1,1,0,0,1,2,Kaldheim,creature,dragon,Green,White,,,,UNCOMMON
606869,0,0,3,0,0,3,DnD,creature,dragon,Red,Blue,,,,MYTHIC RARE
606870,3,1,1,1,1,2,Kaldheim,creature,dragon,Blue,Red,,,,COMMON
606871,0,1,3,0,3,0,DnD,equipment,Ring,Black,,,,,UNCOMMON
606872,2,3,2,1,0,3,Ravnica,equipment,Talisman,Red,,,,,UNCOMMON
606873,0,3,1,0,3,1,Strixhaven,creature,elf,Green,White,,,,MYTHIC RARE
606874,1,3,1,1,3,1,Ravnica,equipment,Bottle,Black,,,,,RARE
606875,0,0,3,3,2,3,Ravnica,creature,dwarf,White,Red,,,,UNCOMMON
606876,1,0,3,2,0,0,Kaldheim,creature,elf,Red,Black,,,,UNCOMMON
606877,3,0,2,3,1,2,Strixhaven,equipment,Ring,Red,,,,,RARE
606878,1,1,1,1,0,1,Innistrad,equipment,Sword,Green,Red,Blue,Black,,UNCOMMON
606879,0,0,0,2,2,1,Innistrad,creature,zombie,Blue,White,,,,RARE
606880,0,1,0,1,3,1,Ravnica,creature,dwarf,Blue,Green,Red,Black,,COMMON
606881,2,3,0,0,0,0,Ravnica,equipment,Sword,Blue,Black,Green,,,COMMON
606882,0,3,1,3,3,0,Innistrad,creature,elf,Blue,Black,,,,COMMON
606883,0,2,3,3,3,0,Strixhaven,creature,dwarf,White,,,,,MYTHIC RARE
606884,0,2,2,1,2,2,Strixhaven,equipment,Bottle,Green,Black,Blue,,,UNCOMMON
606885,1,0,2,0,2,0,Strixhaven,creature,dragon,Red,Blue,Green,,,UNCOMMON
606886,3,0,2,2,3,1,DnD,equipment,Bottle,Green,,,,,MYTHIC RARE
606887,2,1,1,0,3,1,Innistrad,creature,human,White,,,,,RARE
606888,3,3,2,3,0,0,Kaldheim,equipment,Talisman,Blue,Green,Red,,,COMMON
606889,3,3,3,0,0,1,Kamigawa,equipment,Boots,Green,,,,,COMMON
606890,2,0,1,0,3,0,Innistrad,equipment,Sword,Blue,Black,Green,,,RARE
606891,1,3,3,2,0,2,Innistrad,creature,human,Black,White,Green,Red,,COMMON
606892,0,0,1,2,2,0,Kaldheim,equipment,Bottle,Blue,Red,Green,,,UNCOMMON
606893,1,2,3,3,0,2,Kaldheim,creature,dwarf,Green,,,,,RARE
606894,1,2,3,2,1,2,Innistrad,equipment,Boots,Red,Black,Green,,,COMMON
606895,1,1,1,0,3,2,DnD,equipment,Boots,Black,White,Green,,,MYTHIC RARE
606896,0,0,0,1,2,1,Kaldheim,equipment,Ring,Red,Blue,Black,,,COMMON
606897,2,0,0,0,0,2,Strixhaven,creature,boar,Green,Blue,Red,,,COMMON
606898,3,1,3,3,2,3,Ravnica,creature,dwarf,Red,White,Black,,,RARE
606899,0,1,0,3,2,2,Kamigawa,creature,dragon,Black,Blue,,,,MYTHIC RARE
606900,3,0,3,2,1,0,Ravnica,creature,boar,White,Black,,,,UNCOMMON
606901,1,3,1,2,3,0,Kaldheim,creature,boar,Blue,White,,,,UNCOMMON
606902,1,0,0,1,3,2,Kaldheim,creature,human,Black,White,Green,,,COMMON
606903,1,1,3,0,0,1,Kamigawa,creature,dwarf,White,Red,Black,,,RARE
606904,3,1,3,3,3,3,Kaldheim,equipment,Sword,Blue,Black,White,Green,,MYTHIC RARE
606905,3,1,3,1,2,3,Ravnica,equipment,Boots,Blue,,,,,UNCOMMON
606906,3,1,2,0,0,1,Strixhaven,creature,boar,Red,Black,,,,MYTHIC RARE
606907,2,2,0,3,3,0,DnD,equipment,Talisman,Black,,,,,MYTHIC RARE
606908,1,2,3,2,3,0,Kamigawa,equipment,Bottle,Black,Green,Red,,,RARE
606909,3,2,1,0,3,2,Kamigawa,creature,dwarf,Green,Black,Red,,,MYTHIC RARE
606910,0,3,2,3,0,2,Kamigawa,creature,boar,Black,,,,,RARE
606911,2,0,0,3,1,0,Strixhaven,creature,human,Black,Green,,,,RARE
606912,0,0,0,0,2,3,Ravnica,creature,boar,Green,,,,,MYTHIC RARE
606913,1,3,1,3,2,2,Strixhaven,equipment,Talisman,Blue,Green,Red,,,COMMON
606914,0,2,0,1,2,0,Innistrad,creature,dragon,Blue,Red,Black,,,RARE
606915,0,1,1,2,1,3,Kamigawa,equipment,Bottle,Green,,,,,UNCOMMON
606916,3,1,1,2,1,0,Ravnica,creature,human,Red,Blue,,,,UNCOMMON
606917,1,3,0,2,1,2,Strixhaven,equipment,Bottle,Blue,Green,,,,MYTHIC RARE
606918,3,2,1,3,2,1,Innistrad,creature,dwarf,Black,Red,,,,UNCOMMON
606919,2,2,2,2,1,2,DnD,equipment,Boots,Red,Green,White,,,COMMON
606920,0,3,1,1,2,1,Kamigawa,creature,elf,Blue,,,,,UNCOMMON
606921,2,2,1,1,2,1,Kamigawa,equipment,Talisman,Red,White,Black,,,UNCOMMON
606922,2,3,1,0,0,1,Ravnica,creature,boar,Red,,,,,COMMON
606923,0,1,0,0,3,1,Innistrad,creature,dwarf,Green,,,,,RARE
606924,2,2,0,2,3,3,Ravnica,equipment,Bottle,Green,Blue,Red,,,MYTHIC RARE
606925,2,3,2,3,3,3,Innistrad,equipment,Bottle,Red,Green,Blue,White,Black,RARE
606926,0,3,1,1,2,3,DnD,equipment,Ring,Blue,Black,Red,Green,,RARE
606927,3,2,3,1,0,2,Strixhaven,equipment,Ring,Red,White,Green,,,COMMON
606928,3,2,1,3,2,3,DnD,equipment,Talisman,Black,Green,,,,RARE
606929,1,2,1,2,3,2,Strixhaven,creature,boar,Red,Blue,,,,MYTHIC RARE
606930,3,3,1,2,0,2,DnD,creature,elf,Red,White,,,,COMMON
606931,3,1,0,0,0,1,Kaldheim,equipment,Sword,Blue,,,,,MYTHIC RARE
606932,0,2,0,3,2,0,Kaldheim,creature,dragon,Red,White,Black,,,MYTHIC RARE
606933,2,0,2,3,0,2,Innistrad,equipment,Boots,Blue,White,Green,,,UNCOMMON
606934,3,0,2,3,1,1,DnD,creature,dragon,White,Black,Green,,,COMMON
606935,3,1,2,3,1,2,Strixhaven,equipment,Talisman,Red,Blue,White,,,MYTHIC RARE
606936,0,3,2,3,1,2,Ravnica,equipment,Boots,White,Green,Red,Black,,UNCOMMON
606937,0,0,2,3,0,3,Ravnica,creature,zombie,White,Green,Red,,,COMMON
606938,1,1,1,1,0,0,Innistrad,creature,dragon,Blue,Red,,,,MYTHIC RARE
606939,0,1,3,2,1,3,Kaldheim,equipment,Boots,Black,Green,,,,RARE
606940,2,0,1,3,3,1,Kaldheim,creature,dragon,Black,,,,,RARE
606941,2,3,3,0,2,3,Innistrad,equipment,Bottle,Red,,,,,COMMON
606942,1,3,3,2,1,2,Ravnica,equipment,Boots,Blue,Green,Black,White,,COMMON
606943,1,2,3,0,2,0,Strixhaven,equipment,Boots,White,Green,,,,MYTHIC RARE
606944,3,1,0,0,3,2,Innistrad,equipment,Bottle,Red,Black,Green,White,,RARE
606945,2,2,1,2,0,3,DnD,equipment,Boots,White,Red,Green,Black,,UNCOMMON
606946,1,0,0,1,3,2,Strixhaven,equipment,Boots,Black,,,,,MYTHIC RARE
606947,1,1,0,2,3,3,Strixhaven,equipment,Sword,Blue,Black,,,,MYTHIC RARE
606948,1,2,2,1,2,1,Ravnica,creature,elf,Black,White,,,,UNCOMMON
606949,2,3,3,1,2,0,Strixhaven,creature,boar,White,,,,,UNCOMMON
606950,0,0,0,0,1,2,Kaldheim,equipment,Ring,White,Green,Blue,Black,,MYTHIC RARE
606951,0,0,3,0,2,3,Strixhaven,equipment,Boots,White,Red,,,,MYTHIC RARE
606952,2,3,3,1,3,2,Innistrad,equipment,Talisman,Black,Blue,White,,,MYTHIC RARE
606953,2,1,3,2,2,2,DnD,equipment,Talisman,White,Blue,,,,COMMON
606954,3,0,2,1,0,1,Kaldheim,equipment,Sword,Green,White,,,,MYTHIC RARE
606955,3,2,2,3,0,0,Kamigawa,creature,dragon,Green,White,Red,,,RARE
606956,3,3,2,0,3,3,Ravnica,creature,human,Green,Red,Blue,,,RARE
606957,1,0,2,3,1,1,Innistrad,equipment,Bottle,Black,Green,,,,COMMON
606958,0,0,1,3,2,2,DnD,equipment,Sword,Green,White,Black,Red,,MYTHIC RARE
606959,3,3,2,0,3,2,DnD,creature,dwarf,Green,,,,,UNCOMMON
606960,3,3,2,2,2,0,Ravnica,creature,boar,Green,Black,,,,MYTHIC RARE
606961,2,1,2,3,0,1,Kaldheim,creature,elf,Green,White,Red,Blue,,COMMON
606962,0,0,2,3,2,1,Strixhaven,equipment,Talisman,Red,Blue,,,,COMMON
606963,0,0,3,3,0,2,Kaldheim,creature,dragon,Black,Blue,,,,UNCOMMON
606964,1,0,2,0,1,3,Strixhaven,creature,human,Blue,White,,,,RARE
606965,2,2,2,2,0,0,Ravnica,creature,elf,Black,Red,,,,RARE
606966,1,1,0,3,2,2,DnD,equipment,Sword,Red,Blue,Green,,,COMMON
606967,2,3,3,2,0,0,Kamigawa,creature,dragon,Green,,,,,MYTHIC RARE
606968,1,2,2,2,1,3,Strixhaven,creature,dwarf,Black,,,,,RARE
606969,0,3,2,1,3,1,DnD,creature,zombie,Black,Blue,,,,COMMON
606970,3,2,2,0,0,0,Kaldheim,equipment,Sword,White,Green,,,,UNCOMMON
606971,3,1,3,1,0,1,Ravnica,creature,boar,Black,Red,Green,,,UNCOMMON
606972,0,2,0,3,3,2,Strixhaven,equipment,Boots,Green,Blue,Black,,,COMMON
606973,2,2,1,3,3,2,Kamigawa,equipment,Ring,White,Green,,,,COMMON
606974,0,1,2,2,1,1,Strixhaven,equipment,Sword,Red,Black,,,,MYTHIC RARE
606975,0,2,1,3,3,0,Strixhaven,creature,zombie,Green,Red,,,,UNCOMMON
606976,0,0,0,0,3,3,Kaldheim,equipment,Bottle,Red,Green,Blue,,,MYTHIC RARE
606977,1,3,2,1,1,2,Ravnica,equipment,Ring,Black,Red,Green,,,UNCOMMON
606978,3,1,2,3,1,1,Kamigawa,equipment,Ring,Red,Blue,,,,COMMON
606979,1,1,3,3,1,0,Kaldheim,equipment,Sword,Blue,Red,,,,COMMON
606980,3,1,1,2,1,2,Strixhaven,creature,elf,Black,,,,,COMMON
606981,3,3,2,2,2,0,Strixhaven,creature,boar,Blue,White,Red,Green,,RARE
606982,2,1,3,2,0,2,DnD,creature,dwarf,Green,Red,,,,UNCOMMON
606983,1,3,1,3,2,2,Ravnica,creature,dragon,Black,Blue,Green,,,UNCOMMON
606984,1,2,1,0,1,1,Strixhaven,equipment,Bottle,Blue,,,,,UNCOMMON
606985,1,0,0,2,2,2,Strixhaven,equipment,Bottle,Green,Black,Blue,,,RARE
606986,1,1,1,3,3,3,Kamigawa,creature,boar,Black,,,,,MYTHIC RARE
606987,1,0,2,2,1,2,Strixhaven,equipment,Talisman,Blue,,,,,MYTHIC RARE
606988,1,3,1,2,0,1,Strixhaven,creature,elf,White,Red,Blue,Black,,UNCOMMON
606989,3,0,1,2,3,0,Ravnica,equipment,Bottle,White,,,,,COMMON
606990,1,0,1,0,2,0,Kamigawa,equipment,Talisman,Blue,Black,,,,RARE
606991,2,0,1,3,1,0,Ravnica,creature,zombie,Black,,,,,UNCOMMON
606992,3,0,1,0,2,2,Strixhaven,creature,dragon,Red,White,Green,,,RARE
606993,1,0,1,2,3,3,DnD,equipment,Bottle,White,,,,,MYTHIC RARE
606994,2,0,3,2,0,0,Kaldheim,equipment,Sword,Black,,,,,UNCOMMON
606995,2,2,1,0,2,2,Strixhaven,equipment,Boots,Red,Black,,,,MYTHIC RARE
606996,1,1,0,2,3,3,Strixhaven,creature,dwarf,White,Black,Red,,,COMMON
606997,2,2,0,1,0,1,Kamigawa,equipment,Sword,Blue,Red,White,,,MYTHIC RARE
606998,2,0,2,3,3,2,Ravnica,creature,dragon,Green,Black,Red,,,MYTHIC RARE
606999,2,3,1,2,1,3,Kamigawa,creature,boar,White,Black,,,,COMMON
607000,0,2,3,0,1,1,Kamigawa,equipment,Bottle,Black,,,,,RARE
607001,1,3,2,2,3,0,Ravnica,creature,human,Black,,,,,RARE
607002,2,2,3,2,0,0,Kamigawa,creature,elf,Blue,Red,,,,COMMON
607003,3,2,0,0,2,2,Innistrad,creature,human,Blue,,,,,RARE
607004,0,3,3,2,2,1,Kamigawa,equipment,Sword,Green,Red,White,,,MYTHIC RARE
607005,2,1,2,2,2,0,Ravnica,creature,dwarf,White,Blue,,,,UNCOMMON
607006,1,3,3,0,3,3,DnD,equipment,Ring,White,Black,Red,Blue,,UNCOMMON
607007,3,2,0,1,3,0,Kaldheim,equipment,Bottle,Green,Black,Blue,,,MYTHIC RARE
607008,3,3,1,3,0,2,Innistrad,equipment,Sword,Blue,Green,,,,MYTHIC RARE
607009,3,0,1,3,1,0,Innistrad,creature,dragon,Blue,Black,Red,,,RARE
607010,1,3,2,2,1,3,Innistrad,creature,elf,White,,,,,UNCOMMON
607011,2,2,1,3,2,2,DnD,creature,boar,Blue,Red,,,,RARE
607012,2,1,3,2,2,0,Innistrad,creature,boar,White,,,,,COMMON
607013,0,3,2,0,3,3,DnD,equipment,Sword,Blue,,,,,MYTHIC RARE
607014,1,1,1,1,2,2,Ravnica,equipment,Bottle,Red,Black,Blue,,,MYTHIC RARE
607015,0,3,2,3,0,1,Kaldheim,equipment,Ring,Black,White,Green,,,MYTHIC RARE
607016,2,0,1,0,0,2,Kamigawa,creature,elf,White,Blue,Black,,,MYTHIC RARE
607017,1,1,1,3,2,0,DnD,equipment,Boots,White,,,,,MYTHIC RARE
607018,2,2,1,3,3,3,DnD,equipment,Talisman,Blue,Black,,,,MYTHIC RARE
607019,2,1,3,3,3,3,Kaldheim,equipment,Sword,Black,Blue,Red,,,UNCOMMON
607020,0,3,2,2,1,3,DnD,equipment,Boots,Blue,Green,,,,UNCOMMON
607021,3,1,1,2,1,1,Strixhaven,creature,human,Blue,Red,Green,,,COMMON
607022,2,2,0,2,3,0,Strixhaven,equipment,Talisman,Red,,,,,UNCOMMON
607023,2,2,3,2,1,2,Ravnica,equipment,Talisman,Green,Black,,,,UNCOMMON
607024,2,2,2,3,0,0,Innistrad,creature,zombie,White,Black,,,,MYTHIC RARE
607025,2,3,3,1,1,1,Innistrad,creature,elf,Blue,Green,,,,MYTHIC RARE
607026,1,2,3,1,0,2,Innistrad,equipment,Talisman,Green,Red,,,,RARE
607027,2,1,1,1,1,3,Kamigawa,creature,elf,Red,Blue,,,,UNCOMMON
607028,2,0,2,1,1,0,Innistrad,creature,dwarf,Blue,,,,,MYTHIC RARE
607029,1,2,2,3,1,0,DnD,equipment,Bottle,Green,Black,White,,,UNCOMMON
607030,0,1,0,3,2,1,Innistrad,creature,dwarf,Blue,Black,Green,,,RARE
607031,3,1,3,3,3,0,Strixhaven,creature,dwarf,White,Blue,Green,,,RARE
607032,3,0,3,3,1,3,Kaldheim,equipment,Ring,Blue,,,,,UNCOMMON
607033,0,1,0,1,1,1,Kamigawa,creature,elf,Blue,White,Red,,,UNCOMMON
607034,2,2,2,0,3,1,DnD,creature,zombie,Green,Black,White,,,MYTHIC RARE
607035,0,1,0,3,3,2,Kaldheim,creature,zombie,Red,,,,,MYTHIC RARE
607036,2,1,3,1,0,0,Kaldheim,creature,human,Red,,,,,MYTHIC RARE
607037,3,3,2,2,3,2,Strixhaven,equipment,Boots,Black,,,,,MYTHIC RARE
607038,3,3,0,3,0,2,Strixhaven,creature,elf,Blue,,,,,UNCOMMON
607039,2,1,1,1,3,1,DnD,equipment,Bottle,White,,,,,RARE
607040,1,2,1,2,0,0,Ravnica,equipment,Sword,White,Green,,,,MYTHIC RARE
607041,3,1,0,0,3,0,Kamigawa,creature,dragon,Black,Blue,,,,UNCOMMON
607042,2,1,1,0,0,2,Kamigawa,creature,zombie,Blue,Red,,,,UNCOMMON
607043,1,2,0,1,1,3,Kamigawa,creature,dragon,Red,Green,Black,Blue,,UNCOMMON
607044,1,3,0,2,0,3,Kaldheim,creature,zombie,Green,Red,Blue,,,COMMON
607045,3,3,1,3,3,0,Kaldheim,creature,dwarf,Red,Green,White,,,UNCOMMON
607046,0,3,0,3,1,2,Kamigawa,equipment,Talisman,Black,Green,,,,RARE
607047,0,0,3,2,1,3,Ravnica,creature,dwarf,Black,White,,,,MYTHIC RARE
607048,0,3,3,1,2,2,Strixhaven,creature,elf,White,Blue,Red,Black,,UNCOMMON
607049,2,0,3,1,1,3,Kaldheim,equipment,Ring,Black,Green,Red,,,COMMON
607050,0,2,3,0,1,2,Kaldheim,creature,elf,Blue,Green,,,,UNCOMMON
607051,1,0,2,3,3,0,Strixhaven,creature,human,White,,,,,UNCOMMON
607052,0,2,3,3,2,3,DnD,creature,dragon,Black,,,,,MYTHIC RARE
607053,2,1,0,2,3,1,Strixhaven,creature,elf,Red,,,,,UNCOMMON
607054,3,3,2,1,0,3,DnD,creature,zombie,Red,Black,White,Blue,,COMMON
607055,3,3,2,0,0,3,Ravnica,creature,dragon,White,Red,Blue,,,MYTHIC RARE
607056,0,2,0,3,2,0,Strixhaven,equipment,Sword,Green,Blue,Red,White,,RARE
607057,1,2,2,2,3,3,DnD,equipment,Ring,Blue,,,,,MYTHIC RARE
607058,2,2,1,1,0,2,Ravnica,equipment,Sword,Red,Blue,,,,RARE
607059,2,0,3,1,3,1,Ravnica,creature,dwarf,White,Red,,,,COMMON
607060,0,2,0,0,1,1,Innistrad,equipment,Ring,Blue,,,,,COMMON
607061,1,0,2,3,3,2,Innistrad,creature,zombie,Blue,Black,Green,White,,RARE
607062,1,3,1,3,2,3,Innistrad,creature,dragon,Black,,,,,MYTHIC RARE
607063,2,2,3,1,2,2,Ravnica,equipment,Boots,Black,White,,,,COMMON
607064,3,0,2,2,1,1,Innistrad,creature,dragon,Green,Black,,,,MYTHIC RARE
607065,0,3,3,3,2,2,Innistrad,creature,elf,White,Black,,,,RARE
607066,3,2,1,1,1,0,Ravnica,equipment,Sword,Green,Blue,,,,MYTHIC RARE
607067,1,2,2,2,0,1,DnD,creature,dragon,Green,Red,Black,,,MYTHIC RARE
607068,2,3,0,3,2,0,Strixhaven,creature,boar,Black,White,,,,MYTHIC RARE
607069,3,0,2,0,3,1,Kaldheim,equipment,Ring,Blue,White,Black,Red,,MYTHIC RARE
607070,0,3,1,2,3,2,Kaldheim,creature,zombie,Black,Red,Blue,,,RARE
607071,1,1,0,3,1,0,Kamigawa,creature,dwarf,White,Blue,Red,,,RARE
607072,0,2,2,3,2,2,Kaldheim,creature,zombie,Blue,Black,,,,COMMON
607073,0,0,3,3,3,0,Ravnica,equipment,Sword,Black,,,,,RARE
607074,1,1,2,0,2,3,Kamigawa,equipment,Talisman,Blue,Green,,,,COMMON
607075,1,0,2,1,2,2,Kamigawa,equipment,Boots,Red,White,Blue,Green,,UNCOMMON
607076,3,3,1,3,3,0,Innistrad,creature,elf,Black,White,Blue,Green,,MYTHIC RARE
607077,2,0,1,0,2,1,DnD,equipment,Bottle,Black,,,,,MYTHIC RARE
607078,2,2,0,3,3,1,Innistrad,equipment,Talisman,White,,,,,UNCOMMON
607079,1,2,2,3,2,0,Strixhaven,creature,human,Red,,,,,COMMON
607080,2,2,2,0,3,0,Kaldheim,equipment,Ring,Red,Black,,,,MYTHIC RARE
607081,1,1,1,2,3,1,Ravnica,creature,human,Black,White,,,,MYTHIC RARE
607082,0,0,3,0,1,3,Ravnica,equipment,Boots,White,Blue,Black,,,UNCOMMON
607083,0,2,3,2,1,1,Kamigawa,creature,dwarf,Blue,,,,,RARE
607084,2,3,0,2,2,1,Innistrad,equipment,Talisman,Blue,White,Red,,,COMMON
607085,3,0,2,1,0,1,Kaldheim,creature,elf,Green,Black,White,Blue,,COMMON
607086,3,1,3,3,0,1,Strixhaven,equipment,Boots,White,Black,Green,,,COMMON
607087,1,0,2,2,1,2,Kaldheim,creature,dragon,Green,White,Red,Blue,,COMMON
607088,0,1,2,1,3,3,DnD,equipment,Talisman,White,Black,Red,,,COMMON
607089,0,0,2,3,3,2,Kaldheim,equipment,Bottle,Blue,Green,White,,,RARE
607090,1,3,1,3,0,3,Strixhaven,equipment,Ring,Blue,,,,,COMMON
607091,1,1,3,0,1,2,Kamigawa,creature,dwarf,Green,,,,,RARE
607092,1,1,1,0,1,2,Kaldheim,creature,dragon,Green,Red,White,Blue,,MYTHIC RARE
607093,3,3,1,2,1,3,Kaldheim,creature,boar,Green,Blue,White,,,MYTHIC RARE
607094,3,2,1,2,1,0,DnD,equipment,Sword,Red,White,,,,RARE
607095,1,0,1,2,2,1,Kaldheim,creature,elf,Blue,Red,,,,RARE
607096,3,3,2,1,3,0,DnD,equipment,Ring,Red,,,,,MYTHIC RARE
607097,1,3,2,1,3,2,Ravnica,creature,elf,Red,Blue,Green,Black,,MYTHIC RARE
607098,1,2,3,3,1,2,Ravnica,creature,human,Black,Red,Green,,,MYTHIC RARE
607099,3,2,0,0,2,2,Ravnica,creature,boar,Red,White,Blue,Green,,COMMON
607100,3,3,0,3,1,3,Ravnica,creature,human,Red,Blue,White,,,MYTHIC RARE
607101,0,3,2,2,3,2,Innistrad,equipment,Bottle,White,,,,,UNCOMMON
607102,3,0,1,3,2,2,Strixhaven,equipment,Sword,Black,Green,,,,MYTHIC RARE
607103,1,1,2,1,0,0,Innistrad,creature,boar,White,,,,,UNCOMMON
607104,3,1,3,0,3,1,Innistrad,equipment,Talisman,Red,White,Blue,,,COMMON
607105,3,0,1,0,2,3,Innistrad,creature,dragon,White,Red,Black,,,COMMON
607106,3,0,1,0,1,1,Strixhaven,equipment,Sword,Black,,,,,MYTHIC RARE
607107,1,3,3,1,3,0,Kaldheim,equipment,Bottle,White,Blue,Red,Black,,RARE
607108,2,3,0,1,1,1,Ravnica,equipment,Ring,White,Red,Black,,,RARE
607109,0,2,1,1,3,3,Ravnica,creature,dragon,Blue,Red,Black,White,,MYTHIC RARE
607110,0,3,1,0,3,3,Kamigawa,equipment,Sword,Green,Black,,,,COMMON
607111,0,2,2,3,2,1,Kaldheim,equipment,Talisman,Black,Blue,,,,MYTHIC RARE
607112,1,3,2,2,2,0,DnD,equipment,Ring,Black,Blue,White,,,UNCOMMON
607113,3,2,2,0,2,1,Kaldheim,equipment,Bottle,Black,White,,,,COMMON
607114,0,0,2,0,3,3,DnD,creature,zombie,Red,,,,,UNCOMMON
607115,0,0,0,3,2,2,Innistrad,equipment,Boots,Red,Green,,,,COMMON
607116,1,1,0,1,0,2,Ravnica,equipment,Sword,Blue,Black,Red,Green,,COMMON
607117,1,1,1,1,0,3,Kaldheim,creature,elf,Green,White,,,,COMMON
607118,0,3,0,1,0,1,DnD,creature,elf,Blue,,,,,RARE
607119,3,2,2,3,2,3,Strixhaven,equipment,Talisman,Black,,,,,COMMON
607120,0,1,1,3,0,2,DnD,equipment,Sword,Blue,Black,,,,RARE
607121,3,1,2,0,1,1,Strixhaven,equipment,Bottle,Green,White,Red,,,MYTHIC RARE
607122,3,1,3,3,0,3,Strixhaven,equipment,Bottle,Green,White,,,,COMMON
607123,1,1,0,0,3,0,Ravnica,equipment,Bottle,Green,Red,,,,RARE
607124,1,0,3,3,2,2,Kaldheim,creature,dragon,Black,Red,Green,Blue,,RARE
607125,3,3,1,1,1,2,DnD,equipment,Sword,Green,,,,,MYTHIC RARE
607126,2,1,3,2,0,0,DnD,equipment,Talisman,Black,Blue,,,,COMMON
607127,3,0,3,1,3,0,DnD,creature,elf,Green,Red,,,,RARE
607128,0,1,0,0,3,2,Strixhaven,creature,zombie,White,,,,,MYTHIC RARE
607129,1,3,3,0,3,0,Ravnica,equipment,Ring,Red,Black,White,,,RARE
607130,1,3,3,1,3,3,Innistrad,creature,boar,Black,Blue,White,,,RARE
607131,0,3,2,0,2,0,Ravnica,creature,dwarf,White,Green,,,,UNCOMMON
607132,0,1,0,3,0,2,DnD,creature,elf,Blue,White,,,,COMMON
607133,0,3,0,2,1,1,DnD,creature,human,Green,Red,Blue,,,COMMON
607134,3,1,0,0,1,2,Kaldheim,creature,dwarf,White,Black,Green,,,COMMON
607135,0,0,2,1,1,2,DnD,creature,boar,White,Green,Black,,,RARE
607136,0,1,2,1,3,3,Innistrad,equipment,Boots,Black,Blue,,,,MYTHIC RARE
607137,1,0,1,2,1,1,Strixhaven,equipment,Bottle,Green,,,,,RARE
607138,2,3,3,1,3,1,DnD,creature,zombie,Red,White,Black,Blue,,COMMON
607139,0,1,1,3,3,0,Strixhaven,creature,boar,Blue,Red,,,,MYTHIC RARE
607140,3,0,3,0,0,3,Kaldheim,equipment,Talisman,Blue,,,,,MYTHIC RARE
607141,3,1,3,2,1,3,DnD,equipment,Bottle,Red,Blue,,,,COMMON
607142,1,0,1,0,0,2,Innistrad,creature,human,Red,White,,,,MYTHIC RARE
607143,2,0,2,0,2,2,Innistrad,equipment,Boots,Black,Green,Red,White,,RARE
607144,3,2,1,3,2,1,Innistrad,creature,dragon,Red,Blue,,,,MYTHIC RARE
607145,2,2,1,1,3,3,DnD,creature,zombie,Green,White,Black,,,RARE
607146,2,2,3,3,3,0,Innistrad,equipment,Ring,Red,,,,,UNCOMMON
607147,0,0,3,0,2,0,Strixhaven,equipment,Ring,Black,,,,,UNCOMMON
607148,1,0,0,2,1,2,Strixhaven,creature,human,Green,,,,,COMMON
607149,1,1,3,2,2,1,Kaldheim,creature,dwarf,Black,,,,,UNCOMMON
607150,2,3,2,3,2,1,Ravnica,equipment,Ring,Red,White,,,,MYTHIC RARE
607151,2,0,2,3,0,2,Kaldheim,creature,zombie,Red,Black,Blue,,,MYTHIC RARE
607152,1,1,0,0,1,1,Ravnica,equipment,Boots,Blue,,,,,COMMON
607153,2,0,2,3,1,3,Innistrad,creature,zombie,Red,Black,Blue,,,COMMON
607154,1,3,1,0,2,3,DnD,equipment,Sword,Red,Black,,,,UNCOMMON
607155,0,1,1,0,0,0,Strixhaven,creature,elf,White,Red,,,,UNCOMMON
607156,0,2,2,3,3,1,Strixhaven,equipment,Bottle,Blue,White,Red,,,UNCOMMON
607157,0,0,3,2,3,1,Ravnica,equipment,Ring,White,Blue,,,,RARE
607158,0,3,1,3,1,0,DnD,creature,boar,Blue,Green,Black,,,RARE
607159,2,1,3,0,0,2,Kamigawa,equipment,Sword,Black,,,,,UNCOMMON
607160,3,0,2,2,3,2,Kaldheim,creature,boar,Black,Blue,White,,,UNCOMMON
607161,1,1,0,1,1,1,Kamigawa,equipment,Ring,Black,White,Red,,,RARE
607162,1,0,0,2,3,1,Innistrad,creature,human,Red,Black,Green,Blue,,COMMON
607163,3,3,1,1,3,0,Ravnica,creature,dwarf,Black,Green,White,,,MYTHIC RARE
607164,3,2,2,3,0,1,Ravnica,equipment,Sword,White,,,,,MYTHIC RARE
607165,1,3,3,0,1,2,Ravnica,equipment,Ring,Red,White,,,,RARE
607166,1,2,1,1,2,3,Strixhaven,creature,dragon,Blue,Green,Red,,,COMMON
607167,2,0,1,1,0,3,Kamigawa,equipment,Talisman,Green,Blue,Red,,,MYTHIC RARE
607168,1,1,2,1,0,0,Strixhaven,creature,elf,Black,Blue,Green,,,RARE
607169,2,2,2,0,3,0,Strixhaven,equipment,Boots,White,,,,,COMMON
607170,3,2,0,3,2,2,Kaldheim,creature,human,Black,Green,Blue,Red,,MYTHIC RARE
607171,2,3,1,2,0,2,Innistrad,equipment,Bottle,White,Red,,,,COMMON
607172,0,3,0,2,1,0,Innistrad,equipment,Boots,Black,Red,Blue,Green,,RARE
607173,1,2,1,3,2,0,Kaldheim,equipment,Sword,Black,Blue,White,,,RARE
607174,0,0,3,3,3,2,Ravnica,equipment,Boots,Red,White,Blue,Black,,UNCOMMON
607175,0,2,0,3,2,0,DnD,creature,boar,Green,White,,,,MYTHIC RARE
607176,1,0,1,0,3,2,Ravnica,creature,dragon,Black,,,,,MYTHIC RARE
607177,3,3,0,1,0,1,DnD,equipment,Bottle,White,Red,Green,,,RARE
607178,1,0,3,0,1,1,Strixhaven,creature,dragon,Black,Green,,,,RARE
607179,1,2,0,3,1,3,Kaldheim,creature,boar,Green,White,,,,COMMON
607180,1,0,0,3,2,0,DnD,creature,elf,Red,,,,,RARE
607181,0,0,3,0,0,1,Strixhaven,equipment,Ring,White,Black,Green,,,COMMON
607182,1,0,0,1,2,2,DnD,creature,dragon,Green,,,,,RARE
607183,3,0,2,1,0,2,Strixhaven,equipment,Bottle,Green,Red,Blue,,,MYTHIC RARE
607184,2,2,0,0,2,1,Strixhaven,creature,human,Blue,,,,,COMMON
607185,2,3,1,2,2,0,Kamigawa,equipment,Bottle,Blue,Black,White,,,RARE
607186,2,0,1,0,0,3,Kaldheim,creature,dwarf,Blue,Green,,,,COMMON
607187,0,3,1,2,2,1,Kaldheim,creature,dragon,Blue,Black,,,,UNCOMMON
607188,0,1,2,2,3,0,Strixhaven,creature,human,Black,Red,,,,RARE
607189,2,2,1,3,1,3,Kamigawa,creature,dwarf,Blue,Red,White,,,COMMON
607190,0,0,0,2,2,1,DnD,creature,zombie,White,Green,,,,RARE
607191,1,3,2,0,0,1,Innistrad,creature,dragon,Red,,,,,MYTHIC RARE
607192,0,2,2,3,2,3,Kaldheim,equipment,Boots,Black,Blue,White,,,RARE
607193,1,0,0,0,3,3,Kamigawa,creature,dwarf,White,Green,Black,Red,,MYTHIC RARE
607194,0,2,3,3,2,1,Kaldheim,equipment,Sword,White,Black,,,,UNCOMMON
607195,1,0,2,1,3,2,Innistrad,equipment,Sword,Blue,Green,Black,White,,UNCOMMON
607196,0,0,0,2,2,1,Ravnica,creature,boar,Blue,Black,Green,,,COMMON
607197,3,0,0,1,3,3,Kaldheim,creature,dwarf,White,Green,Blue,,,COMMON
607198,1,2,2,0,3,3,DnD,equipment,Boots,Black,White,,,,UNCOMMON
607199,2,0,2,2,2,2,Ravnica,equipment,Sword,White,Black,,,,RARE
607200,2,2,3,3,2,1,Innistrad,equipment,Sword,Black,White,,,,RARE
607201,2,1,3,1,1,2,Strixhaven,equipment,Boots,White,Blue,,,,MYTHIC RARE
607202,1,3,2,0,0,2,Strixhaven,creature,dragon,Blue,Black,Green,,,UNCOMMON
607203,3,3,2,0,1,1,DnD,equipment,Bottle,Red,,,,,COMMON
607204,0,1,2,0,1,2,Ravnica,creature,human,Red,Blue,,,,COMMON
607205,3,2,3,3,2,1,DnD,equipment,Sword,Green,Red,White,,,RARE
607206,1,2,3,0,3,1,Kaldheim,equipment,Bottle,Blue,Green,,,,COMMON
607207,0,0,1,0,1,1,DnD,creature,elf,Blue,Red,White,,,COMMON
607208,0,2,3,3,0,3,Strixhaven,equipment,Bottle,Black,Green,White,,,COMMON
607209,1,2,2,0,3,0,Ravnica,equipment,Ring,Blue,Red,White,,,MYTHIC RARE
607210,1,1,2,3,0,1,Innistrad,creature,dwarf,Green,Blue,Black,,,RARE
607211,3,0,0,1,3,1,Strixhaven,equipment,Boots,Red,,,,,RARE
607212,1,0,0,3,1,3,Ravnica,creature,boar,Green,Black,,,,MYTHIC RARE
607213,0,3,1,3,1,2,Kaldheim,equipment,Talisman,Red,White,,,,MYTHIC RARE
607214,2,0,1,1,0,1,Kamigawa,creature,human,White,Blue,,,,RARE
607215,2,0,3,3,1,1,Ravnica,equipment,Talisman,Blue,White,,,,COMMON
607216,1,3,3,0,3,0,Kaldheim,equipment,Bottle,Black,,,,,UNCOMMON
607217,1,1,1,0,1,3,Innistrad,creature,human,Black,White,Blue,Red,,RARE
607218,1,2,2,3,3,1,Ravnica,equipment,Ring,Blue,Green,,,,UNCOMMON
607219,0,1,2,2,2,3,Kaldheim,equipment,Ring,Black,Red,White,,,COMMON
607220,3,2,0,3,1,1,Kamigawa,creature,dragon,Black,Blue,,,,COMMON
607221,1,0,0,1,0,1,Kaldheim,equipment,Bottle,Blue,Black,Green,,,MYTHIC RARE
607222,3,3,0,0,2,2,Kaldheim,equipment,Boots,Red,,,,,RARE
607223,2,0,1,0,1,1,Strixhaven,creature,human,Green,Red,,,,UNCOMMON
607224,0,1,3,3,1,3,Innistrad,equipment,Boots,Black,,,,,COMMON
607225,3,1,2,2,0,0,Kaldheim,equipment,Ring,Green,White,,,,MYTHIC RARE
607226,1,2,1,1,1,3,Kaldheim,creature,elf,Red,Green,,,,UNCOMMON
607227,3,1,2,0,0,2,DnD,creature,dragon,Black,Blue,White,Red,,RARE
607228,3,1,3,0,2,0,DnD,creature,dwarf,Red,Black,White,,,MYTHIC RARE
607229,3,0,0,0,3,3,Ravnica,creature,zombie,Green,Black,Blue,White,,UNCOMMON
607230,0,1,2,3,0,3,Kaldheim,creature,dragon,Black,,,,,RARE
607231,1,1,0,1,2,3,Ravnica,creature,dwarf,Green,Blue,Red,,,COMMON
607232,2,2,3,2,1,0,Kamigawa,equipment,Boots,Black,Blue,White,,,UNCOMMON
607233,3,2,1,2,0,0,Kaldheim,creature,human,Blue,Green,White,,,RARE
607234,0,2,2,2,2,1,Ravnica,creature,dwarf,Green,Black,Red,,,UNCOMMON
607235,0,1,0,1,2,0,Innistrad,equipment,Bottle,Green,Black,Red,,,UNCOMMON
607236,1,2,1,3,0,1,Kamigawa,equipment,Boots,Red,Green,,,,MYTHIC RARE
607237,3,3,0,2,1,1,Kamigawa,equipment,Sword,White,Green,,,,MYTHIC RARE
607238,1,2,3,3,1,0,Kaldheim,creature,elf,White,Red,,,,UNCOMMON
607239,2,1,3,3,2,1,Ravnica,equipment,Ring,White,Blue,,,,MYTHIC RARE
607240,1,3,0,2,0,3,Innistrad,equipment,Boots,Blue,Red,,,,RARE
607241,3,3,3,3,2,1,DnD,equipment,Boots,Red,White,Black,,,COMMON
607242,1,2,2,1,0,0,Ravnica,equipment,Boots,Black,Red,Blue,,,RARE
607243,0,0,1,0,0,0,Kamigawa,creature,human,Green,Blue,,,,MYTHIC RARE
607244,3,1,1,3,0,0,Kamigawa,equipment,Talisman,Green,Red,Black,,,RARE
607245,3,1,1,0,0,1,Kamigawa,equipment,Sword,White,Green,Red,Black,,RARE
607246,2,2,0,1,2,2,Kamigawa,creature,elf,Red,Green,Blue,,,COMMON
607247,0,3,2,3,2,2,Strixhaven,creature,elf,Green,Black,,,,COMMON
607248,2,2,0,1,0,2,Kaldheim,equipment,Boots,Black,,,,,RARE
607249,2,2,0,3,3,2,Kamigawa,equipment,Bottle,Green,,,,,UNCOMMON
607250,0,2,2,3,2,1,Kamigawa,equipment,Ring,Green,White,,,,UNCOMMON
607251,3,1,1,3,2,2,Ravnica,equipment,Ring,Black,,,,,RARE
607252,1,2,1,2,1,2,DnD,creature,human,White,Black,Red,,,MYTHIC RARE
607253,0,3,3,1,2,0,Kamigawa,creature,elf,Green,Blue,,,,MYTHIC RARE
607254,2,0,3,1,2,0,Strixhaven,creature,dwarf,Green,,,,,MYTHIC RARE
607255,1,3,2,1,1,2,DnD,creature,dwarf,Blue,White,,,,RARE
607256,0,0,3,2,2,3,DnD,equipment,Talisman,Red,,,,,COMMON
607257,3,0,0,2,2,1,DnD,equipment,Boots,Black,,,,,MYTHIC RARE
607258,0,1,1,3,0,0,DnD,creature,dwarf,Blue,,,,,RARE
607259,0,0,2,3,1,0,Strixhaven,creature,zombie,Blue,Red,,,,RARE
607260,1,3,3,0,0,1,Innistrad,equipment,Ring,Black,Green,,,,COMMON
607261,3,3,2,2,0,1,Kaldheim,equipment,Ring,Green,Black,Red,,,RARE
607262,0,0,0,1,0,3,DnD,equipment,Sword,Blue,White,Black,,,MYTHIC RARE
607263,1,3,1,3,3,3,DnD,equipment,Talisman,Green,White,Blue,,,MYTHIC RARE
607264,3,2,0,3,1,1,Innistrad,creature,zombie,Green,Red,,,,UNCOMMON
607265,2,0,1,3,0,2,Innistrad,creature,dwarf,Red,,,,,RARE
607266,0,2,2,3,2,1,Ravnica,equipment,Ring,Red,Green,,,,UNCOMMON
607267,2,0,3,0,0,1,Strixhaven,equipment,Ring,Blue,Black,Green,,,UNCOMMON
607268,0,1,2,0,1,2,Kaldheim,creature,human,Blue,Green,,,,UNCOMMON
607269,2,3,3,3,1,0,Kaldheim,equipment,Boots,Red,Blue,Black,,,RARE
607270,0,3,1,3,2,1,Kamigawa,creature,boar,Black,,,,,MYTHIC RARE
607271,3,2,3,2,2,2,Kaldheim,creature,human,Green,White,,,,COMMON
607272,0,0,2,0,0,3,Innistrad,creature,boar,Blue,Green,Red,,,UNCOMMON
607273,0,3,3,3,3,1,Innistrad,creature,dwarf,Green,Blue,,,,MYTHIC RARE
607274,3,3,0,1,1,0,Strixhaven,equipment,Bottle,Black,,,,,UNCOMMON
607275,2,2,3,3,0,2,Kamigawa,equipment,Talisman,Red,Black,Green,,,MYTHIC RARE
607276,2,0,3,0,3,2,Ravnica,creature,dwarf,Green,Black,Red,,,MYTHIC RARE
607277,0,0,0,2,1,2,Ravnica,equipment,Sword,Red,White,,,,COMMON
607278,3,3,0,1,3,3,Strixhaven,equipment,Sword,Red,Blue,Black,,,COMMON
607279,0,3,2,0,2,1,Kamigawa,equipment,Bottle,Green,Red,,,,UNCOMMON
607280,0,1,2,2,1,2,Kamigawa,equipment,Sword,Blue,White,Black,Green,,MYTHIC RARE
607281,0,1,2,0,2,0,Ravnica,equipment,Bottle,Red,White,,,,MYTHIC RARE
607282,3,1,3,3,2,0,Ravnica,equipment,Bottle,Red,Black,,,,MYTHIC RARE
607283,2,2,2,3,0,0,DnD,equipment,Sword,Red,White,,,,MYTHIC RARE
607284,2,1,2,3,0,1,Kaldheim,equipment,Bottle,White,Black,,,,MYTHIC RARE
607285,1,2,0,1,2,1,Strixhaven,creature,dwarf,Blue,White,Green,,,UNCOMMON
607286,2,1,3,1,2,3,Kaldheim,creature,dwarf,Blue,Black,White,,,MYTHIC RARE
607287,1,1,2,0,2,2,DnD,equipment,Ring,Blue,Red,Green,,,RARE
607288,0,2,0,3,2,3,Ravnica,creature,zombie,Green,,,,,MYTHIC RARE
607289,1,3,0,1,3,1,Kamigawa,creature,elf,White,Blue,,,,UNCOMMON
607290,2,3,3,3,0,3,Innistrad,equipment,Sword,White,Black,Blue,,,RARE
607291,2,3,2,0,3,1,Ravnica,creature,elf,Blue,White,Red,Green,,UNCOMMON
607292,2,2,3,3,0,0,Kamigawa,creature,boar,Black,White,,,,RARE
607293,3,2,2,1,2,3,Innistrad,equipment,Talisman,White,,,,,MYTHIC RARE
607294,2,3,2,0,0,3,Ravnica,equipment,Ring,Red,Blue,Black,,,UNCOMMON
607295,2,3,1,1,1,3,Kamigawa,equipment,Bottle,Blue,,,,,RARE
607296,3,2,0,0,1,1,Kaldheim,equipment,Sword,Blue,Black,White,,,UNCOMMON
607297,1,3,2,2,0,0,Kamigawa,creature,dwarf,Blue,Red,White,,,MYTHIC RARE
607298,2,3,3,2,0,1,Kamigawa,equipment,Talisman,Green,Blue,White,,,UNCOMMON
607299,1,3,3,1,0,1,Ravnica,creature,dragon,Green,Blue,White,Red,Black,UNCOMMON
607300,1,2,2,2,3,1,Innistrad,creature,dragon,Blue,Red,,,,MYTHIC RARE
607301,2,0,0,0,1,1,Strixhaven,equipment,Talisman,Green,Blue,White,,,UNCOMMON
607302,0,3,1,3,3,2,Strixhaven,equipment,Talisman,Red,,,,,MYTHIC RARE
607303,0,1,0,2,3,0,DnD,creature,dwarf,Green,Black,Blue,,,UNCOMMON
607304,3,1,3,0,0,1,Innistrad,equipment,Boots,White,Red,Blue,,,MYTHIC RARE
607305,3,0,2,3,1,1,Strixhaven,creature,elf,Blue,Red,,,,COMMON
607306,3,1,1,1,3,2,Kamigawa,creature,zombie,White,,,,,RARE
607307,2,0,1,0,3,2,Innistrad,equipment,Talisman,Blue,Green,,,,RARE
607308,0,3,2,2,1,3,Kaldheim,equipment,Talisman,Red,Green,,,,MYTHIC RARE
607309,0,0,1,0,0,1,Kamigawa,creature,zombie,Green,,,,,COMMON
607310,2,1,0,3,1,1,Kamigawa,equipment,Bottle,Green,Blue,Black,,,UNCOMMON
607311,1,0,1,2,0,0,Innistrad,equipment,Bottle,Black,,,,,COMMON
607312,1,2,0,1,2,1,DnD,equipment,Boots,Black,Blue,Red,White,,UNCOMMON
607313,2,2,3,0,3,0,Innistrad,creature,zombie,Blue,Green,,,,MYTHIC RARE
607314,1,1,2,3,1,0,Kaldheim,equipment,Boots,Green,Black,,,,COMMON
607315,2,2,3,0,1,0,Innistrad,creature,dragon,Green,White,Black,Blue,Red,MYTHIC RARE
607316,2,0,0,3,3,3,Kamigawa,equipment,Talisman,White,Red,Black,,,UNCOMMON
607317,3,0,3,3,1,0,Ravnica,equipment,Bottle,Black,Red,,,,MYTHIC RARE
607318,3,3,2,1,1,3,Kamigawa,creature,zombie,White,Black,,,,COMMON
607319,2,0,2,3,0,0,Kamigawa,creature,zombie,White,,,,,COMMON
607320,0,1,2,1,0,2,Ravnica,equipment,Boots,Red,,,,,MYTHIC RARE
607321,1,1,3,1,2,1,Innistrad,equipment,Sword,Blue,White,,,,RARE
607322,0,0,2,2,2,3,Ravnica,creature,dragon,Green,Black,White,,,MYTHIC RARE
607323,3,2,0,3,1,3,Kaldheim,creature,dwarf,Red,,,,,MYTHIC RARE
607324,1,0,3,2,1,3,Strixhaven,equipment,Talisman,White,Red,Black,,,MYTHIC RARE
607325,2,2,2,2,0,3,Ravnica,equipment,Boots,Black,Blue,Red,Green,,UNCOMMON
607326,0,1,0,3,2,3,Innistrad,creature,dragon,Black,White,,,,UNCOMMON
607327,1,1,0,1,1,3,Innistrad,equipment,Ring,White,Blue,,,,UNCOMMON
607328,0,1,2,0,0,3,Kaldheim,equipment,Talisman,White,Red,Blue,,,MYTHIC RARE
607329,2,2,0,2,2,1,Kamigawa,equipment,Ring,White,Red,,,,COMMON
607330,0,0,1,2,0,2,Strixhaven,equipment,Talisman,Green,Blue,,,,RARE
607331,3,3,1,3,3,3,Kaldheim,creature,human,Red,Black,,,,RARE
607332,1,0,3,0,0,0,Kamigawa,creature,elf,White,Blue,,,,RARE
607333,3,3,1,2,0,0,DnD,creature,human,Black,Green,Blue,Red,,RARE
607334,2,1,1,0,1,3,Innistrad,equipment,Ring,Red,,,,,MYTHIC RARE
607335,0,0,3,0,1,3,DnD,equipment,Boots,White,,,,,COMMON
607336,3,2,3,1,1,3,DnD,creature,dwarf,Red,Green,White,,,COMMON
607337,0,1,0,0,1,0,Innistrad,creature,dragon,White,Red,,,,COMMON
607338,1,2,3,1,1,1,Ravnica,creature,human,Green,White,,,,RARE
607339,0,2,1,3,1,2,Kaldheim,creature,dwarf,White,,,,,COMMON
607340,1,3,0,3,1,3,Kamigawa,creature,elf,Green,,,,,COMMON
607341,0,0,1,3,0,2,DnD,equipment,Sword,White,,,,,RARE
607342,1,3,1,3,2,2,DnD,creature,boar,Black,Green,,,,RARE
607343,2,3,1,1,2,0,DnD,equipment,Sword,Blue,Green,Red,Black,,RARE
607344,2,0,1,2,0,0,DnD,creature,elf,White,Blue,Red,,,MYTHIC RARE
607345,2,1,1,2,1,2,DnD,creature,zombie,White,Red,,,,RARE
607346,1,2,2,1,0,1,Ravnica,equipment,Ring,Black,,,,,RARE
607347,2,2,1,2,0,0,Innistrad,creature,human,Green,Blue,Red,White,,MYTHIC RARE
607348,2,2,0,0,1,1,Ravnica,equipment,Talisman,Red,Green,White,Black,Blue,COMMON
607349,0,3,1,2,2,3,Kamigawa,creature,elf,Black,Red,White,,,MYTHIC RARE
607350,0,0,3,3,3,1,Kamigawa,equipment,Ring,White,Green,Black,,,COMMON
607351,3,2,3,2,3,1,Ravnica,equipment,Boots,Green,Red,,,,RARE
607352,0,1,1,3,3,2,Strixhaven,creature,dragon,Red,,,,,UNCOMMON
607353,1,0,0,3,2,0,Kaldheim,creature,elf,White,Blue,Red,,,UNCOMMON
607354,3,0,3,0,1,3,DnD,creature,dwarf,White,Blue,Black,,,COMMON
607355,0,0,3,2,2,2,Innistrad,creature,zombie,White,,,,,MYTHIC RARE
607356,1,3,1,0,3,2,DnD,creature,elf,Green,White,,,,MYTHIC RARE
607357,0,2,3,2,0,0,Kaldheim,creature,zombie,Red,Blue,Green,,,COMMON
607358,1,3,0,3,2,2,Kamigawa,equipment,Boots,Blue,White,,,,COMMON
607359,2,3,3,3,2,2,Ravnica,creature,elf,White,Red,,,,UNCOMMON
607360,2,1,2,1,3,1,Innistrad,creature,boar,Green,,,,,RARE
607361,1,3,0,3,3,0,Strixhaven,creature,dragon,Green,Blue,,,,COMMON
607362,3,0,3,1,3,0,Kamigawa,equipment,Talisman,White,,,,,UNCOMMON
607363,0,0,2,1,2,0,Strixhaven,creature,elf,Black,White,Red,,,MYTHIC RARE
607364,0,1,2,2,3,3,Innistrad,creature,human,White,,,,,MYTHIC RARE
607365,2,3,2,1,0,2,Kaldheim,equipment,Sword,White,Blue,Black,Green,,MYTHIC RARE
607366,1,3,2,0,2,0,Kaldheim,equipment,Boots,Red,,,,,UNCOMMON
607367,2,2,3,3,3,2,Innistrad,creature,elf,White,,,,,MYTHIC RARE
607368,3,0,3,3,2,3,Innistrad,creature,boar,Blue,,,,,UNCOMMON
607369,1,3,3,2,1,1,Innistrad,creature,zombie,Blue,,,,,RARE
607370,2,0,2,1,1,3,DnD,equipment,Ring,Black,Blue,,,,MYTHIC RARE
607371,3,1,0,2,3,1,Ravnica,creature,boar,Green,White,,,,RARE
607372,3,3,0,3,2,0,Ravnica,equipment,Ring,Green,Blue,White,,,COMMON
607373,3,0,1,0,2,0,Strixhaven,equipment,Bottle,Green,White,Blue,,,RARE
607374,0,3,2,1,3,1,Ravnica,equipment,Talisman,White,,,,,COMMON
607375,3,1,3,0,3,3,Innistrad,creature,elf,Green,Black,,,,UNCOMMON
607376,2,3,3,1,1,3,Kamigawa,creature,human,Red,,,,,RARE
607377,1,1,2,0,3,3,Strixhaven,equipment,Boots,Blue,Red,,,,RARE
607378,1,3,1,2,2,2,Kamigawa,equipment,Talisman,Red,White,Black,,,MYTHIC RARE
607379,0,3,2,0,1,0,Kamigawa,equipment,Bottle,Blue,Black,,,,COMMON
607380,1,1,3,3,0,2,Kamigawa,creature,dragon,Green,,,,,RARE
607381,2,3,0,2,1,1,DnD,equipment,Bottle,Green,Blue,,,,COMMON
607382,0,2,1,2,3,1,Ravnica,creature,boar,Blue,,,,,UNCOMMON
607383,1,0,3,3,2,1,Innistrad,creature,human,White,Green,Red,,,COMMON
607384,2,3,3,0,3,3,Kaldheim,creature,human,Red,,,,,COMMON
607385,3,2,2,3,1,2,Ravnica,creature,boar,White,Green,Red,Black,,COMMON
607386,1,0,2,1,2,0,Strixhaven,creature,zombie,Black,Blue,,,,RARE
607387,1,2,2,3,0,2,Kaldheim,creature,human,Red,,,,,RARE
607388,2,3,2,2,2,1,Kamigawa,equipment,Ring,Red,White,Black,Blue,,UNCOMMON
607389,1,1,1,3,3,3,Strixhaven,creature,elf,White,,,,,COMMON
607390,2,0,0,2,3,2,Strixhaven,creature,dragon,White,Blue,,,,RARE
607391,1,0,1,3,3,3,Kaldheim,creature,boar,White,,,,,COMMON
607392,1,1,1,2,1,2,Strixhaven,equipment,Talisman,Blue,Green,,,,RARE
607393,1,2,1,0,2,0,Ravnica,creature,elf,Red,Black,White,,,UNCOMMON
607394,0,3,3,3,2,1,Innistrad,creature,zombie,Green,White,Blue,Red,,UNCOMMON
607395,0,0,1,0,2,1,Kaldheim,creature,elf,White,Green,Blue,,,COMMON
607396,0,3,0,3,1,0,DnD,equipment,Talisman,Black,,,,,UNCOMMON
607397,2,2,3,2,3,1,Innistrad,creature,zombie,White,Red,,,,COMMON
607398,0,1,1,2,0,3,Kamigawa,creature,zombie,Black,White,,,,COMMON
607399,3,0,0,2,1,0,Strixhaven,creature,boar,Green,Blue,,,,UNCOMMON
607400,2,3,3,1,2,1,Kamigawa,equipment,Talisman,Blue,Red,Black,,,UNCOMMON
607401,0,0,1,3,2,1,Strixhaven,equipment,Sword,Blue,,,,,UNCOMMON
607402,1,0,1,3,1,2,Kamigawa,equipment,Boots,Green,Black,,,,MYTHIC RARE
607403,2,2,0,2,2,2,DnD,creature,dwarf,Green,Red,Black,White,,MYTHIC RARE
607404,1,0,3,3,0,0,Ravnica,equipment,Boots,Green,Red,,,,RARE
607405,1,2,0,2,0,0,Kamigawa,equipment,Talisman,Black,,,,,COMMON
607406,1,0,1,1,3,0,Ravnica,creature,zombie,Red,Black,Green,,,UNCOMMON
607407,0,3,3,1,0,0,Ravnica,creature,human,Black,,,,,COMMON
607408,0,2,0,0,1,2,Kaldheim,equipment,Boots,Red,White,Blue,,,COMMON
607409,3,0,2,0,2,3,Kamigawa,equipment,Boots,Black,Blue,Green,,,MYTHIC RARE
607410,3,2,1,0,2,1,Strixhaven,creature,boar,White,Black,Blue,Red,,COMMON
607411,1,0,2,1,1,2,Ravnica,equipment,Bottle,Red,Blue,,,,COMMON
607412,1,1,0,2,3,0,Strixhaven,creature,elf,Blue,,,,,UNCOMMON
607413,0,1,2,0,3,1,Strixhaven,equipment,Ring,Blue,White,Black,,,COMMON
607414,1,1,2,3,3,1,Strixhaven,creature,human,Blue,White,,,,MYTHIC RARE
607415,2,2,2,3,1,1,Kaldheim,equipment,Bottle,Black,Blue,White,,,MYTHIC RARE
607416,2,3,0,0,0,2,Ravnica,equipment,Ring,Black,Green,,,,MYTHIC RARE
607417,3,1,0,3,2,3,Innistrad,equipment,Talisman,Blue,Green,Black,,,MYTHIC RARE
607418,0,0,1,3,1,1,Kaldheim,creature,zombie,Blue,Black,,,,COMMON
607419,1,0,3,2,3,0,Kaldheim,creature,dragon,White,,,,,MYTHIC RARE
607420,2,3,0,1,0,2,Ravnica,creature,dragon,Green,,,,,RARE
607421,1,3,0,2,1,0,Innistrad,creature,boar,Blue,White,,,,UNCOMMON
607422,3,3,3,3,3,1,Kamigawa,creature,dwarf,Red,Green,,,,COMMON
607423,3,0,0,0,1,1,Kaldheim,creature,dragon,Green,Black,,,,COMMON
607424,3,2,2,3,3,0,Ravnica,creature,elf,Red,,,,,UNCOMMON
607425,0,2,1,2,1,0,DnD,creature,elf,Green,Black,Blue,,,COMMON
607426,2,1,3,1,0,2,Kamigawa,creature,elf,Red,White,Green,,,RARE
607427,1,3,2,3,3,2,Innistrad,creature,elf,White,Blue,Red,Green,,UNCOMMON
607428,1,0,3,0,2,0,Ravnica,creature,dwarf,White,Black,Blue,,,RARE
607429,2,0,3,3,0,1,Strixhaven,equipment,Sword,Blue,White,,,,UNCOMMON
607430,1,0,3,0,1,0,Kaldheim,equipment,Sword,Black,White,,,,COMMON
607431,1,1,2,3,0,0,DnD,equipment,Ring,Black,,,,,MYTHIC RARE
607432,3,2,0,2,0,2,Kamigawa,equipment,Boots,Blue,Red,,,,COMMON
607433,3,2,2,0,3,3,Kaldheim,creature,human,White,Green,,,,RARE
607434,3,1,3,0,3,1,Strixhaven,creature,dragon,Blue,Red,Green,White,,COMMON
607435,1,1,0,1,2,2,DnD,creature,boar,Black,Green,Blue,Red,,UNCOMMON
607436,0,3,1,2,1,2,Innistrad,creature,boar,Red,Green,Black,,,COMMON
607437,1,3,1,1,2,0,Kamigawa,equipment,Sword,Red,,,,,UNCOMMON
607438,3,0,0,2,3,1,Kaldheim,equipment,Sword,Red,White,Blue,,,RARE
607439,0,0,1,3,0,0,Ravnica,creature,dragon,Blue,,,,,UNCOMMON
607440,1,1,1,3,1,0,Ravnica,equipment,Talisman,Blue,,,,,UNCOMMON
607441,2,0,2,1,0,1,Ravnica,equipment,Sword,Blue,Red,Green,,,UNCOMMON
607442,1,1,0,3,1,1,DnD,equipment,Bottle,Blue,White,Black,,,MYTHIC RARE
607443,3,3,2,2,2,3,DnD,creature,elf,Blue,,,,,UNCOMMON
607444,3,2,1,0,1,2,Kamigawa,creature,zombie,White,Black,Blue,,,MYTHIC RARE
607445,1,0,1,2,1,2,Strixhaven,equipment,Boots,Black,Red,Green,,,MYTHIC RARE
607446,1,1,2,0,1,2,Kaldheim,creature,dwarf,Red,White,Blue,Black,,MYTHIC RARE
607447,1,1,3,1,1,1,Strixhaven,creature,boar,Red,Blue,White,,,UNCOMMON
607448,1,3,1,1,2,3,Innistrad,equipment,Boots,Black,,,,,MYTHIC RARE
607449,1,0,3,0,3,1,Strixhaven,creature,zombie,Green,White,,,,RARE
607450,0,1,1,0,2,2,Innistrad,creature,boar,Blue,Green,,,,UNCOMMON
607451,3,3,0,2,2,0,DnD,creature,dragon,Red,Black,Blue,Green,,MYTHIC RARE
607452,3,2,0,1,0,0,Innistrad,creature,dwarf,Black,Green,,,,RARE
607453,3,1,0,0,3,0,Kamigawa,creature,elf,White,Red,,,,MYTHIC RARE
607454,2,2,2,2,1,0,Kaldheim,creature,dragon,White,Green,Red,,,UNCOMMON
607455,2,0,1,1,3,0,Kamigawa,equipment,Bottle,Black,Blue,Green,,,MYTHIC RARE
607456,2,2,1,3,3,2,Ravnica,creature,dwarf,White,Blue,,,,RARE
607457,3,1,0,3,3,2,Kaldheim,creature,boar,Blue,White,Green,Red,,UNCOMMON
607458,1,2,0,0,3,3,Strixhaven,equipment,Ring,Red,Black,Green,,,COMMON
607459,2,1,0,1,1,2,DnD,equipment,Talisman,White,,,,,RARE
607460,1,1,1,3,2,0,Strixhaven,equipment,Talisman,Blue,Black,,,,MYTHIC RARE
607461,2,2,1,3,2,0,Kaldheim,creature,boar,Black,,,,,UNCOMMON
607462,2,2,1,3,3,3,Kamigawa,creature,zombie,Blue,,,,,RARE
607463,2,3,3,2,1,0,Ravnica,equipment,Talisman,Blue,Green,White,,,MYTHIC RARE
607464,2,1,2,0,2,2,Kaldheim,creature,boar,Blue,Green,,,,UNCOMMON
607465,3,3,2,2,3,1,Innistrad,equipment,Talisman,Blue,Green,White,Black,,RARE
607466,0,2,3,0,3,3,Kamigawa,equipment,Talisman,Black,Green,Blue,White,,UNCOMMON
607467,2,3,1,3,0,1,Ravnica,equipment,Talisman,Green,White,Blue,,,MYTHIC RARE
607468,2,3,1,2,0,3,Strixhaven,creature,boar,Red,Green,,,,RARE
607469,1,0,0,3,1,1,Kamigawa,creature,zombie,Blue,Black,White,,,COMMON
607470,1,1,0,0,0,1,DnD,creature,boar,Green,Red,,,,COMMON
607471,2,0,3,2,0,2,DnD,equipment,Talisman,White,,,,,MYTHIC RARE
607472,0,3,1,3,0,3,DnD,creature,zombie,Green,White,Blue,,,MYTHIC RARE
607473,2,1,0,1,2,1,Ravnica,equipment,Sword,Red,Blue,Green,White,Black,MYTHIC RARE
607474,2,2,3,2,2,3,Ravnica,equipment,Boots,Green,,,,,COMMON
607475,2,1,2,0,3,0,DnD,equipment,Bottle,Green,,,,,RARE
607476,2,3,1,0,1,1,Innistrad,equipment,Ring,Red,Blue,Black,,,COMMON
607477,0,2,1,0,3,3,Ravnica,creature,human,White,,,,,UNCOMMON
607478,1,3,0,3,2,2,Ravnica,equipment,Ring,Blue,Green,Red,,,UNCOMMON
607479,0,2,1,0,1,3,Kaldheim,creature,dwarf,Blue,,,,,UNCOMMON
607480,2,2,3,2,0,1,Ravnica,equipment,Ring,White,Red,,,,MYTHIC RARE
607481,2,3,1,0,1,3,Ravnica,equipment,Boots,Blue,,,,,MYTHIC RARE
607482,1,1,2,0,2,3,Kamigawa,equipment,Bottle,Black,Red,,,,UNCOMMON
607483,0,0,2,2,3,3,Kaldheim,equipment,Talisman,White,Black,,,,UNCOMMON
607484,2,3,0,2,1,1,DnD,equipment,Ring,Blue,Black,Red,,,RARE
607485,3,3,0,0,3,2,Ravnica,equipment,Ring,Green,,,,,MYTHIC RARE
607486,3,1,3,2,3,3,Kaldheim,creature,human,Red,,,,,RARE
607487,3,1,0,1,2,0,Ravnica,equipment,Bottle,White,Black,Blue,,,UNCOMMON
607488,0,0,1,3,3,2,Strixhaven,equipment,Talisman,White,Red,Green,,,UNCOMMON
607489,3,0,1,1,1,3,Ravnica,equipment,Bottle,White,Blue,,,,MYTHIC RARE
607490,0,0,2,0,2,3,Ravnica,creature,human,Green,Blue,Red,,,COMMON
607491,2,0,0,1,2,2,DnD,equipment,Talisman,White,Blue,,,,UNCOMMON
607492,3,2,1,0,1,1,Innistrad,equipment,Bottle,White,Blue,Green,Black,,RARE
607493,2,1,3,1,2,3,Ravnica,equipment,Ring,White,,,,,MYTHIC RARE
607494,1,1,0,2,2,3,Kamigawa,equipment,Bottle,Black,White,,,,UNCOMMON
607495,1,1,3,0,0,2,Innistrad,creature,zombie,Green,White,Red,,,COMMON
607496,3,3,0,0,2,3,Ravnica,equipment,Boots,Blue,,,,,MYTHIC RARE
607497,0,0,0,2,0,1,Ravnica,creature,elf,Green,White,Black,,,RARE
607498,1,1,0,3,3,0,Strixhaven,equipment,Sword,Blue,White,,,,COMMON
607499,0,0,0,0,0,3,Kaldheim,equipment,Ring,Blue,Black,,,,RARE
607500,1,2,2,2,1,3,Kaldheim,equipment,Ring,White,Blue,,,,COMMON
607501,2,1,1,2,2,2,Kamigawa,creature,dwarf,Red,White,,,,MYTHIC RARE
607502,0,0,0,1,1,2,Kaldheim,equipment,Sword,White,Green,,,,COMMON
607503,3,0,3,1,2,2,Kamigawa,creature,dwarf,Black,Green,,,,RARE
607504,2,2,2,1,3,2,DnD,creature,boar,White,Black,Red,,,MYTHIC RARE
607505,2,0,1,3,1,2,Kamigawa,creature,dragon,Blue,White,,,,RARE
607506,3,2,1,3,1,2,Kamigawa,equipment,Sword,Green,Blue,Red,,,RARE
607507,1,1,2,1,0,0,DnD,creature,elf,White,,,,,RARE
607508,3,3,2,1,2,3,Ravnica,creature,zombie,Red,,,,,MYTHIC RARE
607509,0,2,3,3,2,1,DnD,creature,zombie,Red,,,,,COMMON
607510,2,1,2,2,2,0,Kaldheim,creature,dwarf,Blue,White,Black,,,UNCOMMON
607511,0,3,1,0,1,1,DnD,equipment,Ring,Black,Blue,,,,UNCOMMON
607512,1,3,3,3,2,1,Strixhaven,equipment,Ring,Green,,,,,COMMON
607513,0,1,0,0,2,3,Kaldheim,creature,zombie,Black,,,,,COMMON
607514,3,1,1,1,3,2,Innistrad,creature,boar,Red,Green,,,,UNCOMMON
607515,3,2,0,2,1,3,Kamigawa,creature,elf,Black,White,Red,,,COMMON
607516,1,0,1,2,3,1,Strixhaven,creature,dragon,Green,White,Blue,,,RARE
607517,0,2,3,2,2,1,Kamigawa,equipment,Talisman,Blue,White,Green,Red,,COMMON
607518,0,3,3,3,3,1,Ravnica,creature,human,Red,,,,,UNCOMMON
607519,2,3,1,1,2,3,Ravnica,creature,dragon,Blue,,,,,MYTHIC RARE
607520,3,1,0,1,3,0,Kaldheim,creature,boar,White,Green,,,,COMMON
607521,0,3,0,0,0,2,Kamigawa,creature,dwarf,Blue,Red,White,,,COMMON
607522,1,1,1,2,0,1,Innistrad,equipment,Ring,Blue,Black,Green,,,COMMON
607523,1,2,0,1,1,1,Strixhaven,equipment,Talisman,Red,Black,Green,,,RARE
607524,3,0,1,1,2,3,DnD,creature,boar,Green,White,Red,Blue,,COMMON
607525,1,1,0,1,0,2,DnD,equipment,Bottle,White,Green,Blue,,,MYTHIC RARE
607526,1,3,1,1,3,3,Kaldheim,creature,zombie,Black,White,Blue,,,COMMON
607527,0,3,1,3,0,1,Kaldheim,creature,dragon,Black,Green,,,,RARE
607528,2,2,0,1,0,0,DnD,equipment,Ring,White,,,,,UNCOMMON
607529,3,3,0,3,0,3,DnD,equipment,Boots,Green,Red,Blue,,,UNCOMMON
607530,2,2,3,1,1,2,Ravnica,creature,dwarf,Green,Black,,,,UNCOMMON
607531,2,2,2,0,1,2,Strixhaven,equipment,Ring,Black,Blue,White,,,MYTHIC RARE
607532,3,0,2,1,1,1,Kamigawa,creature,zombie,Green,Blue,,,,RARE
607533,1,0,3,2,0,0,Strixhaven,creature,zombie,Red,Green,White,,,MYTHIC RARE
607534,1,2,3,3,3,0,Kamigawa,creature,human,White,,,,,UNCOMMON
607535,1,0,1,0,2,0,Innistrad,creature,zombie,Green,Black,Blue,White,,UNCOMMON
607536,1,0,1,0,2,1,Kamigawa,equipment,Ring,Green,Black,Blue,,,COMMON
607537,2,2,2,0,0,3,Strixhaven,equipment,Talisman,Black,Blue,Green,,,COMMON
607538,2,0,1,1,2,2,Innistrad,equipment,Sword,Black,,,,,COMMON
607539,1,3,3,2,0,0,DnD,creature,human,Red,Green,White,,,MYTHIC RARE
607540,2,2,1,3,0,3,Strixhaven,creature,zombie,Green,Black,White,Red,,MYTHIC RARE
607541,3,0,2,1,0,0,Innistrad,creature,dwarf,Black,Green,Red,Blue,,COMMON
607542,0,3,3,1,0,0,DnD,creature,human,Blue,White,Black,Green,,UNCOMMON
607543,1,2,1,2,2,3,Strixhaven,creature,boar,Blue,,,,,MYTHIC RARE
607544,1,0,2,3,0,0,Kaldheim,equipment,Sword,White,Blue,Green,,,UNCOMMON
607545,1,2,3,0,3,0,Kamigawa,equipment,Bottle,Black,Blue,,,,RARE
607546,0,1,3,1,3,2,Ravnica,equipment,Bottle,Black,,,,,COMMON
607547,2,1,2,3,1,3,Strixhaven,equipment,Ring,Red,,,,,RARE
607548,1,3,3,3,0,3,Ravnica,equipment,Ring,Blue,Red,White,Green,,RARE
607549,0,1,3,2,0,0,DnD,creature,dwarf,Green,White,,,,MYTHIC RARE
607550,1,3,1,3,0,0,Ravnica,creature,zombie,Red,Green,Blue,,,RARE
607551,0,0,1,3,1,2,Kamigawa,creature,dragon,White,Red,,,,RARE
607552,1,0,1,2,2,0,Innistrad,equipment,Talisman,Red,Green,Blue,White,,MYTHIC RARE
607553,2,0,3,1,0,0,Ravnica,equipment,Talisman,Red,White,,,,MYTHIC RARE
607554,3,0,3,2,3,0,Kamigawa,creature,human,Black,White,,,,UNCOMMON
607555,2,2,2,0,1,3,Innistrad,equipment,Sword,Blue,Green,,,,RARE
607556,1,1,3,3,2,2,Kamigawa,equipment,Sword,Green,,,,,COMMON
607557,0,0,0,1,1,0,Kamigawa,creature,zombie,Green,Red,,,,RARE
607558,0,0,0,1,1,0,DnD,creature,boar,Green,Blue,,,,COMMON
607559,2,0,2,2,2,0,Strixhaven,creature,human,Green,,,,,COMMON
607560,2,0,3,0,3,2,Innistrad,equipment,Sword,Red,Blue,,,,RARE
607561,1,2,1,0,3,3,Innistrad,creature,dragon,Blue,Green,Black,White,,UNCOMMON
607562,3,2,3,0,0,0,DnD,creature,dragon,Green,Red,,,,UNCOMMON
607563,0,3,0,0,0,3,Ravnica,equipment,Bottle,Black,White,Green,,,RARE
607564,3,2,1,1,2,2,Kamigawa,creature,boar,Blue,,,,,UNCOMMON
607565,2,3,3,3,1,1,Kaldheim,equipment,Sword,White,Red,Blue,Green,,UNCOMMON
607566,0,0,0,0,2,0,DnD,creature,zombie,Black,Red,White,,,RARE
607567,2,1,3,2,2,3,Kaldheim,creature,dragon,Blue,Red,,,,RARE
607568,1,0,1,2,1,3,Kamigawa,equipment,Boots,Green,,,,,RARE
607569,1,0,3,1,0,2,Ravnica,equipment,Ring,Red,Green,,,,RARE
607570,1,0,3,2,3,1,Innistrad,creature,zombie,White,Green,Red,,,UNCOMMON
607571,1,2,3,0,2,1,Kamigawa,equipment,Sword,Green,Red,White,,,MYTHIC RARE
607572,2,1,3,3,1,2,Ravnica,equipment,Boots,White,Green,,,,RARE
607573,1,2,0,2,3,2,Innistrad,creature,dwarf,Green,,,,,RARE
607574,1,1,1,0,2,0,Innistrad,equipment,Sword,Blue,White,,,,UNCOMMON
607575,2,3,1,2,2,0,Strixhaven,equipment,Sword,Black,Blue,Red,,,UNCOMMON
607576,2,3,1,1,1,0,Kaldheim,creature,dwarf,Black,,,,,MYTHIC RARE
607577,1,3,1,1,0,1,DnD,equipment,Sword,Green,Black,Red,,,COMMON
607578,3,0,2,3,0,1,Innistrad,equipment,Boots,Black,Red,Green,Blue,,UNCOMMON
607579,3,0,0,1,3,3,Innistrad,equipment,Boots,White,Red,Black,Blue,Green,RARE
607580,2,3,0,2,2,0,Kaldheim,creature,zombie,White,Blue,,,,UNCOMMON
607581,2,2,3,3,3,2,Kamigawa,creature,dwarf,White,Black,Green,,,UNCOMMON
607582,3,2,1,2,2,0,Kamigawa,equipment,Ring,Blue,Green,Black,,,MYTHIC RARE
607583,2,0,3,1,0,0,Strixhaven,creature,human,Blue,,,,,UNCOMMON
607584,0,0,2,0,0,1,Innistrad,creature,dragon,Green,Red,Blue,,,UNCOMMON
607585,3,2,0,0,1,2,DnD,equipment,Bottle,Red,Black,White,Green,,COMMON
607586,3,1,1,2,1,2,Strixhaven,creature,dragon,Red,White,,,,COMMON
607587,3,2,0,2,1,3,Strixhaven,creature,dragon,Black,,,,,RARE
607588,1,1,2,0,1,3,Kaldheim,creature,dwarf,Blue,Black,,,,MYTHIC RARE
607589,1,0,1,0,2,0,DnD,equipment,Boots,White,Blue,Green,Red,,UNCOMMON
607590,2,3,3,3,3,2,Kamigawa,equipment,Talisman,Black,Green,Red,,,MYTHIC RARE
607591,2,2,2,1,3,0,Kaldheim,creature,boar,Red,Blue,,,,COMMON
607592,1,2,0,0,2,3,Kaldheim,creature,zombie,White,Blue,Green,Red,,COMMON
607593,2,2,1,2,0,1,Strixhaven,creature,zombie,Black,,,,,UNCOMMON
607594,1,3,1,1,0,1,DnD,creature,human,Blue,Black,Green,White,,RARE
607595,0,1,0,2,3,0,Innistrad,creature,human,Green,,,,,UNCOMMON
607596,3,3,1,2,3,1,Kamigawa,equipment,Boots,Red,,,,,RARE
607597,0,2,2,0,0,0,Innistrad,creature,human,Black,Blue,Red,,,UNCOMMON
607598,2,2,1,1,2,0,DnD,creature,dwarf,White,Black,,,,COMMON
607599,2,2,1,3,1,1,DnD,equipment,Talisman,Green,Black,,,,RARE
607600,3,3,3,0,0,2,Strixhaven,creature,elf,Red,,,,,COMMON
607601,2,0,2,0,2,3,Strixhaven,creature,human,Red,Green,Black,,,MYTHIC RARE
607602,3,1,0,3,2,0,Kaldheim,creature,elf,Blue,,,,,UNCOMMON
607603,2,1,3,0,3,0,Kaldheim,equipment,Bottle,White,Black,Red,Green,,UNCOMMON
607604,0,3,3,2,3,0,Innistrad,creature,dwarf,White,Blue,Black,Green,,MYTHIC RARE
607605,1,3,0,1,2,3,Kamigawa,equipment,Boots,Black,,,,,UNCOMMON
607606,3,2,1,3,0,3,Kamigawa,creature,boar,White,Black,,,,MYTHIC RARE
607607,3,0,3,3,3,0,DnD,creature,boar,Green,Red,Black,,,COMMON
607608,0,2,1,2,0,2,Innistrad,creature,zombie,Red,Blue,,,,MYTHIC RARE
607609,3,0,3,2,0,3,Strixhaven,creature,boar,Red,,,,,COMMON
607610,0,1,0,1,0,0,Strixhaven,equipment,Sword,Red,,,,,COMMON
607611,0,0,3,1,2,0,Innistrad,creature,zombie,White,Black,Green,,,COMMON
607612,2,0,2,3,0,1,Ravnica,creature,boar,Green,Black,,,,RARE
607613,1,2,1,3,0,1,Kamigawa,equipment,Sword,White,Red,Black,,,MYTHIC RARE
607614,0,2,1,1,1,3,Kamigawa,equipment,Boots,White,Green,,,,MYTHIC RARE
607615,1,1,2,2,2,2,DnD,creature,dragon,Red,,,,,UNCOMMON
607616,3,1,3,3,1,0,DnD,creature,elf,Green,Blue,,,,COMMON
607617,3,2,1,2,0,2,Ravnica,creature,elf,White,Red,Black,Green,,RARE
607618,2,2,2,1,0,1,Kamigawa,equipment,Boots,Blue,,,,,MYTHIC RARE
607619,0,3,3,0,1,2,Innistrad,equipment,Bottle,White,,,,,COMMON
607620,3,3,3,2,1,0,Ravnica,creature,dragon,Black,,,,,MYTHIC RARE
607621,3,3,0,0,2,0,Kaldheim,creature,human,Blue,Red,White,,,MYTHIC RARE
607622,3,0,1,2,0,0,Strixhaven,creature,human,Green,,,,,COMMON
607623,0,3,0,2,0,2,DnD,equipment,Ring,Green,Black,,,,MYTHIC RARE
607624,0,3,2,1,3,0,DnD,creature,boar,White,Black,,,,UNCOMMON
607625,2,2,1,2,3,0,Kaldheim,equipment,Boots,Red,White,Blue,,,COMMON
607626,0,3,0,2,2,1,Strixhaven,creature,elf,White,Blue,Green,,,RARE
607627,3,0,0,3,0,1,Innistrad,equipment,Sword,Black,White,Green,,,COMMON
607628,0,2,1,3,2,3,Kaldheim,creature,human,Black,Red,Green,,,COMMON
607629,0,2,1,0,3,1,DnD,creature,dwarf,White,Blue,Green,,,MYTHIC RARE
607630,1,0,1,0,1,1,Strixhaven,equipment,Ring,Black,White,Red,,,RARE
607631,0,0,1,0,2,2,Innistrad,equipment,Bottle,White,Black,Green,,,COMMON
607632,2,1,2,0,1,3,Ravnica,equipment,Sword,White,Blue,Green,,,MYTHIC RARE
607633,3,3,2,0,0,3,Strixhaven,equipment,Sword,Green,Black,Red,,,COMMON
607634,3,1,3,0,0,2,Kamigawa,creature,zombie,Black,White,Green,,,RARE
607635,1,1,3,2,1,2,Strixhaven,creature,dwarf,Green,White,Red,,,MYTHIC RARE
607636,1,0,0,1,3,2,Strixhaven,equipment,Ring,White,Red,Blue,,,UNCOMMON
607637,0,0,1,3,3,2,Kamigawa,equipment,Bottle,Black,White,Blue,,,RARE
607638,3,2,2,2,1,0,Strixhaven,equipment,Ring,Red,White,Black,,,MYTHIC RARE
607639,0,2,3,2,0,1,Kamigawa,equipment,Boots,Black,Blue,White,Green,,RARE
607640,0,3,2,3,1,1,Kamigawa,creature,dwarf,White,Black,,,,COMMON
607641,3,1,3,2,0,1,Ravnica,creature,boar,Blue,Red,,,,COMMON
607642,2,2,0,1,0,1,DnD,creature,dwarf,Red,White,Black,,,UNCOMMON
607643,1,0,3,2,0,3,Strixhaven,equipment,Ring,White,Red,,,,MYTHIC RARE
607644,0,2,2,2,0,1,Innistrad,creature,zombie,Green,Blue,White,Black,,UNCOMMON
607645,0,3,2,0,2,3,Ravnica,equipment,Boots,Black,Red,Green,Blue,,RARE
607646,1,2,0,1,0,3,Kaldheim,creature,zombie,Red,Blue,Green,Black,,COMMON
607647,2,1,2,3,0,1,Ravnica,equipment,Talisman,Red,Blue,,,,MYTHIC RARE
607648,1,0,1,2,2,1,DnD,equipment,Bottle,Black,,,,,UNCOMMON
607649,0,2,0,3,3,0,Kamigawa,equipment,Ring,Green,White,Red,,,MYTHIC RARE
607650,0,0,1,1,3,0,Strixhaven,creature,dragon,Blue,Black,Red,Green,,MYTHIC RARE
607651,1,2,3,0,2,1,Strixhaven,creature,human,White,Blue,,,,COMMON
607652,0,2,3,0,0,2,Ravnica,equipment,Bottle,White,Green,Black,,,RARE
607653,1,0,2,0,2,0,Kaldheim,creature,human,Green,Black,Blue,Red,,RARE
607654,2,0,3,3,2,0,DnD,equipment,Bottle,Black,Red,,,,MYTHIC RARE
607655,1,2,3,0,2,2,Innistrad,creature,elf,Red,Blue,,,,MYTHIC RARE
607656,0,2,3,3,1,0,Strixhaven,equipment,Boots,Blue,Green,,,,MYTHIC RARE
607657,1,3,1,0,1,3,Kaldheim,equipment,Boots,Black,Blue,,,,UNCOMMON
607658,2,1,0,2,3,2,Innistrad,equipment,Ring,Black,Green,,,,COMMON
607659,1,1,1,0,3,0,DnD,creature,human,Blue,Black,Green,Red,,UNCOMMON
607660,3,3,3,1,3,3,Kaldheim,creature,boar,White,Red,Green,Black,,UNCOMMON
607661,3,2,1,2,0,2,Ravnica,equipment,Bottle,Red,White,Green,,,RARE
607662,0,3,0,1,3,2,Ravnica,equipment,Ring,White,Green,,,,RARE
607663,2,0,2,1,0,3,Ravnica,creature,dwarf,Blue,Green,Black,,,UNCOMMON
607664,3,3,0,3,1,0,Innistrad,equipment,Talisman,Blue,Red,White,,,UNCOMMON
607665,1,2,1,1,0,3,Ravnica,creature,dwarf,Green,Black,White,,,MYTHIC RARE
607666,3,0,2,2,3,2,Kaldheim,creature,dwarf,Blue,Black,,,,UNCOMMON
607667,3,0,1,0,1,3,DnD,equipment,Ring,White,Black,Blue,,,UNCOMMON
607668,3,3,2,2,2,0,Innistrad,creature,boar,Red,Green,White,,,RARE
607669,1,0,0,1,0,3,Ravnica,creature,zombie,Black,Green,White,,,MYTHIC RARE
607670,0,2,1,1,1,1,Kamigawa,equipment,Ring,Red,Blue,White,,,RARE
607671,1,0,3,2,1,3,Ravnica,creature,dragon,Green,,,,,UNCOMMON
607672,1,1,1,2,0,3,Strixhaven,equipment,Talisman,Blue,Red,Green,,,UNCOMMON
607673,1,1,0,2,2,3,Strixhaven,creature,dragon,Blue,White,Black,,,MYTHIC RARE
607674,2,1,3,1,2,1,Kamigawa,equipment,Sword,Black,,,,,COMMON
607675,2,3,2,2,0,1,DnD,creature,human,Black,Red,,,,MYTHIC RARE
607676,3,3,2,2,1,1,Ravnica,creature,zombie,White,Black,,,,RARE
607677,0,0,0,3,1,2,Innistrad,equipment,Bottle,Blue,Red,White,,,UNCOMMON
607678,1,0,2,1,2,1,DnD,creature,dwarf,Black,White,Green,,,MYTHIC RARE
607679,0,3,2,1,3,2,Strixhaven,equipment,Ring,Red,White,,,,UNCOMMON
607680,0,0,0,2,1,3,Kamigawa,equipment,Sword,Red,Black,Blue,,,COMMON
607681,0,3,0,1,1,0,DnD,creature,dragon,Red,Green,Black,White,,UNCOMMON
607682,0,2,3,3,1,2,Innistrad,equipment,Sword,Green,Blue,Black,,,COMMON
607683,2,3,0,0,2,1,Kaldheim,equipment,Ring,Green,Black,White,,,COMMON
607684,0,1,3,3,1,0,Kamigawa,equipment,Boots,White,,,,,UNCOMMON
607685,0,0,2,1,1,1,Kamigawa,creature,dragon,Red,,,,,COMMON
607686,1,1,0,3,2,2,Kamigawa,equipment,Bottle,Black,,,,,MYTHIC RARE
607687,3,1,2,2,3,3,Strixhaven,equipment,Ring,Red,Black,,,,RARE
607688,0,3,0,2,2,2,Kaldheim,equipment,Bottle,Green,Blue,,,,COMMON
607689,0,2,2,3,1,0,Strixhaven,creature,human,Green,,,,,RARE
607690,1,0,0,1,3,2,Innistrad,creature,dragon,Black,Red,,,,UNCOMMON
607691,0,3,0,0,1,3,Innistrad,equipment,Talisman,Black,,,,,COMMON
607692,2,3,1,2,2,0,Kaldheim,creature,elf,Blue,,,,,UNCOMMON
607693,2,3,2,2,1,2,Ravnica,creature,human,Green,White,Red,,,RARE
607694,3,3,0,1,2,2,Strixhaven,creature,dragon,White,,,,,COMMON
607695,3,2,3,1,3,1,Kamigawa,equipment,Talisman,Red,Green,,,,MYTHIC RARE
607696,1,2,3,1,1,1,Strixhaven,equipment,Sword,Black,White,Blue,,,UNCOMMON
607697,3,3,3,2,0,1,Strixhaven,creature,elf,Green,Red,Black,,,COMMON
607698,3,3,2,1,0,1,Kamigawa,equipment,Boots,Blue,Green,White,,,MYTHIC RARE
607699,3,3,2,3,2,0,DnD,creature,dragon,Blue,White,,,,UNCOMMON
607700,0,0,2,3,3,0,Ravnica,creature,dwarf,Red,Black,White,,,RARE
607701,3,0,1,3,0,0,Innistrad,creature,zombie,Black,Green,,,,MYTHIC RARE
607702,2,2,0,1,1,0,Kamigawa,equipment,Sword,Red,,,,,UNCOMMON
607703,3,1,3,1,3,3,DnD,creature,dwarf,Black,Blue,White,,,RARE
607704,1,1,1,0,2,3,Ravnica,creature,elf,Black,White,Red,,,COMMON
607705,3,1,2,2,2,2,Strixhaven,creature,elf,Red,Green,Black,,,COMMON
607706,0,2,2,1,3,3,Kaldheim,equipment,Sword,Red,Black,Green,Blue,,UNCOMMON
607707,1,2,1,3,0,0,Kamigawa,creature,dwarf,Black,Green,Red,,,MYTHIC RARE
607708,3,3,1,2,3,2,Kaldheim,equipment,Boots,Green,Red,,,,RARE
607709,2,1,2,1,0,3,Kamigawa,creature,elf,White,Black,Green,,,RARE
607710,2,1,1,0,1,0,Ravnica,equipment,Bottle,Blue,Green,,,,COMMON
607711,2,0,0,2,3,1,DnD,equipment,Bottle,Red,,,,,UNCOMMON
607712,2,1,2,1,1,3,DnD,equipment,Talisman,Black,Green,Red,Blue,,UNCOMMON
607713,2,2,1,1,0,2,Innistrad,creature,elf,Blue,,,,,RARE
607714,2,2,2,2,1,2,Kamigawa,creature,dwarf,Green,Red,,,,COMMON
607715,1,2,1,2,3,0,Strixhaven,equipment,Ring,Black,Red,,,,UNCOMMON
607716,1,3,1,0,0,0,Ravnica,equipment,Bottle,White,Red,Blue,,,MYTHIC RARE
607717,1,2,2,0,1,2,DnD,equipment,Boots,Blue,Black,White,,,MYTHIC RARE
607718,2,1,0,3,2,3,Kamigawa,creature,human,White,Red,Blue,,,MYTHIC RARE
607719,3,2,1,2,3,0,Kamigawa,creature,elf,Green,,,,,UNCOMMON
607720,1,2,3,3,1,2,Strixhaven,creature,dragon,Black,Green,White,Blue,,COMMON
607721,2,1,2,2,1,0,Kamigawa,creature,dragon,Green,,,,,UNCOMMON
607722,3,1,3,2,1,1,Kaldheim,creature,zombie,Green,Blue,,,,MYTHIC RARE
607723,1,1,2,0,3,2,Kamigawa,equipment,Talisman,Green,,,,,UNCOMMON
607724,1,0,3,0,0,3,Strixhaven,equipment,Talisman,Red,Green,Black,,,RARE
607725,1,1,1,2,1,3,Ravnica,equipment,Boots,White,Red,Green,,,MYTHIC RARE
607726,2,0,0,3,3,0,Innistrad,creature,dragon,Green,,,,,RARE
607727,0,2,0,1,3,3,DnD,equipment,Boots,Red,Blue,,,,UNCOMMON
607728,3,1,0,0,2,1,Kaldheim,equipment,Talisman,White,Black,,,,MYTHIC RARE
607729,0,3,0,1,2,1,DnD,creature,dwarf,Black,Blue,Red,,,UNCOMMON
607730,1,0,3,3,2,0,Innistrad,equipment,Boots,Blue,Green,,,,RARE
607731,1,1,1,1,2,0,Kaldheim,creature,elf,Red,Green,Black,,,MYTHIC RARE
607732,1,0,2,0,2,3,Strixhaven,creature,human,Blue,Red,Black,White,,COMMON
607733,1,2,3,3,2,2,Kaldheim,equipment,Sword,Blue,Black,Red,White,,UNCOMMON
607734,1,0,0,3,3,2,DnD,creature,boar,White,Black,Green,,,COMMON
607735,3,1,2,0,1,0,Kamigawa,equipment,Bottle,Green,Red,Black,,,RARE
607736,3,2,1,0,0,2,DnD,equipment,Bottle,Blue,White,Red,Black,,MYTHIC RARE
607737,0,0,0,0,3,0,Kaldheim,equipment,Ring,Green,Blue,Red,White,,RARE
607738,3,1,1,0,1,3,Kaldheim,equipment,Talisman,Black,White,Red,,,COMMON
607739,1,2,3,2,1,0,Strixhaven,equipment,Sword,Green,Black,Blue,,,UNCOMMON
607740,1,1,2,3,2,1,DnD,creature,boar,Red,Green,Blue,,,COMMON
607741,0,1,0,3,1,0,DnD,creature,boar,White,,,,,MYTHIC RARE
607742,3,1,2,2,2,1,Kamigawa,creature,dwarf,Green,,,,,UNCOMMON
607743,1,3,2,0,0,3,Ravnica,equipment,Ring,Black,Green,Blue,,,MYTHIC RARE
607744,1,0,3,0,1,0,Kamigawa,equipment,Ring,Green,White,,,,UNCOMMON
607745,3,0,3,3,2,2,Innistrad,equipment,Boots,Blue,,,,,UNCOMMON
607746,3,2,3,3,0,1,Ravnica,creature,zombie,White,,,,,RARE
607747,1,2,0,0,0,3,DnD,equipment,Bottle,Black,White,,,,MYTHIC RARE
607748,3,1,3,2,2,2,Kaldheim,creature,dwarf,Black,,,,,RARE
607749,1,3,2,2,3,3,DnD,equipment,Talisman,Red,Black,,,,UNCOMMON
607750,0,3,0,2,2,0,Strixhaven,creature,boar,Black,Red,White,,,RARE
607751,2,0,2,2,3,2,DnD,equipment,Boots,Black,Blue,,,,UNCOMMON
607752,1,3,0,0,0,0,Strixhaven,creature,dwarf,Black,Red,,,,COMMON
607753,2,3,3,2,0,0,Ravnica,equipment,Sword,Black,,,,,RARE
607754,0,0,2,0,1,3,Kamigawa,equipment,Ring,Black,,,,,COMMON
607755,1,0,2,0,3,3,Kaldheim,creature,zombie,Red,Blue,Black,Green,,MYTHIC RARE
607756,3,1,2,0,2,2,DnD,creature,human,Green,White,Black,,,UNCOMMON
607757,3,2,2,3,3,0,Strixhaven,equipment,Talisman,Green,White,Red,Blue,,COMMON
607758,3,3,3,2,3,0,DnD,creature,dragon,Green,Black,Red,White,,COMMON
607759,1,3,0,2,0,0,Kamigawa,creature,boar,Black,,,,,COMMON
607760,3,3,0,0,3,0,Kaldheim,equipment,Boots,Black,,,,,UNCOMMON
607761,2,0,3,0,3,3,Kaldheim,equipment,Boots,Red,Blue,,,,MYTHIC RARE
607762,3,2,2,2,2,1,DnD,equipment,Sword,Green,,,,,RARE
607763,1,2,2,0,3,0,Ravnica,equipment,Boots,White,,,,,RARE
607764,3,3,1,1,2,3,Strixhaven,equipment,Talisman,White,Black,,,,COMMON
607765,2,0,0,2,2,1,Strixhaven,equipment,Ring,White,,,,,COMMON
607766,2,3,2,1,2,0,Kamigawa,equipment,Sword,Green,,,,,MYTHIC RARE
607767,0,2,0,2,1,3,DnD,equipment,Ring,White,Blue,,,,MYTHIC RARE
607768,2,2,2,1,1,1,Ravnica,equipment,Sword,White,Green,Black,,,MYTHIC RARE
607769,1,3,1,0,0,3,Strixhaven,creature,boar,Red,Green,White,,,MYTHIC RARE
607770,2,2,3,0,0,2,Ravnica,creature,zombie,Green,White,,,,COMMON
607771,1,2,1,2,3,0,Innistrad,creature,zombie,Green,,,,,RARE
607772,2,3,0,0,1,3,Ravnica,equipment,Boots,Red,Blue,White,Black,,MYTHIC RARE
607773,2,2,1,1,2,1,Innistrad,creature,dwarf,Red,Green,White,Blue,,UNCOMMON
607774,3,0,0,1,1,2,Innistrad,equipment,Sword,White,Black,,,,RARE
607775,3,0,3,3,1,2,Kaldheim,creature,boar,Green,,,,,UNCOMMON
607776,2,3,0,0,1,1,Kamigawa,equipment,Boots,Black,Blue,,,,COMMON
607777,1,1,0,2,3,3,Kamigawa,equipment,Bottle,Blue,Green,,,,COMMON
607778,0,1,3,3,1,2,DnD,creature,dwarf,Black,,,,,RARE
607779,3,3,3,3,3,1,Ravnica,creature,dragon,Green,White,Black,,,MYTHIC RARE
607780,3,1,0,0,3,3,Kaldheim,equipment,Boots,Blue,Green,,,,UNCOMMON
607781,2,2,2,0,0,2,Strixhaven,equipment,Sword,Green,Blue,,,,UNCOMMON
607782,1,3,3,3,2,2,DnD,creature,dragon,Red,White,Black,Blue,Green,RARE
607783,3,0,1,3,3,3,Ravnica,creature,boar,Blue,,,,,COMMON
607784,2,3,1,1,1,3,Innistrad,creature,elf,Red,Black,,,,COMMON
607785,1,3,3,1,1,2,Strixhaven,equipment,Bottle,Red,,,,,UNCOMMON
607786,3,1,2,1,1,1,DnD,equipment,Sword,Black,Red,,,,MYTHIC RARE
607787,0,1,2,2,2,0,Innistrad,creature,human,White,,,,,MYTHIC RARE
607788,1,3,3,2,3,3,DnD,creature,elf,White,Green,Black,Red,,MYTHIC RARE
607789,1,3,1,1,1,3,Strixhaven,equipment,Boots,Red,,,,,UNCOMMON
607790,1,0,2,2,2,1,Kamigawa,creature,boar,Red,,,,,COMMON
607791,0,0,3,1,2,1,Ravnica,creature,dragon,White,Green,Blue,,,UNCOMMON
607792,3,1,2,3,0,3,Kamigawa,creature,dragon,Green,White,Red,,,UNCOMMON
607793,1,2,1,3,0,3,Ravnica,equipment,Bottle,Red,Black,,,,COMMON
607794,1,2,2,2,3,0,Innistrad,equipment,Ring,Blue,Black,Green,,,RARE
607795,3,0,2,3,0,1,Kaldheim,equipment,Boots,Black,Red,,,,UNCOMMON
607796,3,3,2,0,3,2,Ravnica,equipment,Talisman,Green,,,,,RARE
607797,3,2,2,2,0,3,DnD,creature,human,White,Red,,,,COMMON
607798,1,0,3,1,1,0,Kaldheim,creature,human,White,Green,,,,COMMON
607799,0,2,1,3,0,2,Kamigawa,equipment,Boots,White,Black,Green,,,RARE
607800,3,3,0,1,1,0,Kaldheim,equipment,Talisman,White,Red,Black,,,RARE
607801,3,1,3,3,3,0,Innistrad,creature,elf,Green,Blue,,,,UNCOMMON
607802,1,0,2,1,3,0,Strixhaven,creature,dwarf,Blue,Red,Green,,,COMMON
607803,3,0,0,2,2,0,Innistrad,creature,boar,White,Blue,,,,RARE
607804,2,2,0,1,3,1,Kamigawa,creature,elf,White,Blue,,,,COMMON
607805,2,0,3,0,1,3,Kaldheim,equipment,Boots,Black,,,,,UNCOMMON
607806,0,2,0,3,3,1,Ravnica,equipment,Talisman,Red,Blue,,,,UNCOMMON
607807,1,1,3,1,2,0,Kaldheim,equipment,Talisman,Red,,,,,UNCOMMON
607808,2,2,1,2,1,2,DnD,creature,dragon,Green,Black,,,,COMMON
607809,2,3,2,2,0,2,Ravnica,equipment,Bottle,Black,Red,,,,RARE
607810,2,1,3,2,3,2,Innistrad,creature,dragon,Black,,,,,RARE
607811,2,0,2,3,3,1,Strixhaven,equipment,Ring,Black,Green,,,,RARE
607812,3,2,1,0,3,3,Innistrad,equipment,Talisman,Blue,,,,,RARE
607813,3,3,2,2,2,2,Kaldheim,equipment,Boots,Blue,Black,White,Red,,COMMON
607814,0,2,1,0,2,0,Kaldheim,equipment,Bottle,Green,,,,,COMMON
607815,2,2,0,0,2,0,Innistrad,equipment,Sword,Red,Green,White,,,RARE
607816,2,2,2,0,1,3,Kaldheim,equipment,Sword,Green,Red,Black,,,RARE
607817,0,2,1,0,1,3,Kaldheim,creature,elf,White,Blue,,,,MYTHIC RARE
607818,3,2,0,0,1,3,Innistrad,creature,dragon,Green,,,,,UNCOMMON
607819,2,2,0,0,3,3,Strixhaven,creature,human,Green,Red,Blue,,,UNCOMMON
607820,1,0,2,3,1,3,Strixhaven,creature,human,Green,Blue,White,,,MYTHIC RARE
607821,1,1,2,0,2,3,Ravnica,creature,human,Blue,Red,,,,COMMON
607822,0,3,3,2,2,3,Kaldheim,equipment,Boots,White,Black,,,,UNCOMMON
607823,0,0,2,2,3,1,Ravnica,equipment,Sword,Green,White,Blue,,,COMMON
607824,1,2,3,0,3,3,Ravnica,creature,human,Red,Blue,,,,MYTHIC RARE
607825,1,1,2,0,0,1,Strixhaven,creature,dragon,Black,Red,,,,MYTHIC RARE
607826,1,0,1,0,0,0,Innistrad,equipment,Boots,Red,Black,,,,COMMON
607827,1,3,2,3,3,1,Strixhaven,creature,elf,Red,Blue,,,,MYTHIC RARE
607828,0,2,3,1,2,3,Innistrad,creature,dragon,Red,Green,,,,MYTHIC RARE
607829,2,1,2,2,1,1,Kamigawa,equipment,Talisman,White,Green,Red,,,RARE
607830,1,1,0,3,0,3,Innistrad,creature,elf,White,,,,,COMMON
607831,2,1,0,3,2,1,Kaldheim,creature,dwarf,White,Black,,,,RARE
607832,2,3,3,0,0,0,DnD,creature,boar,Green,Red,,,,COMMON
607833,0,2,1,1,0,2,Innistrad,equipment,Bottle,Green,Red,,,,MYTHIC RARE
607834,0,1,1,3,2,2,Innistrad,creature,elf,Red,Green,,,,COMMON
607835,0,1,1,2,3,1,DnD,creature,human,Blue,Green,,,,MYTHIC RARE
607836,3,3,2,0,1,1,Strixhaven,creature,dwarf,Green,Blue,White,,,COMMON
607837,0,1,1,0,1,0,Kamigawa,creature,human,Red,Black,Green,,,COMMON
607838,0,0,0,1,1,3,Innistrad,creature,dragon,Black,,,,,MYTHIC RARE
607839,0,3,0,2,2,2,Strixhaven,equipment,Bottle,White,Black,Blue,,,UNCOMMON
607840,1,2,3,2,3,1,Ravnica,creature,dwarf,Red,White,Black,,,RARE
607841,0,0,0,2,3,1,Innistrad,creature,elf,Blue,,,,,COMMON
607842,3,0,0,0,3,0,DnD,equipment,Talisman,Black,,,,,COMMON
607843,2,0,2,2,3,3,DnD,equipment,Boots,Black,Green,,,,MYTHIC RARE
607844,3,0,0,0,3,1,Innistrad,creature,zombie,Blue,,,,,MYTHIC RARE
607845,0,3,0,0,0,2,Kaldheim,equipment,Boots,Black,,,,,RARE
607846,3,3,0,1,3,0,DnD,creature,human,Blue,Green,,,,MYTHIC RARE
607847,0,1,0,1,3,1,Strixhaven,equipment,Boots,Black,Red,,,,COMMON
607848,2,0,3,1,1,2,Strixhaven,equipment,Bottle,Black,Green,White,Red,,MYTHIC RARE
607849,2,3,1,2,3,3,Ravnica,creature,human,Red,Blue,Green,,,RARE
607850,2,0,0,2,0,1,Strixhaven,equipment,Bottle,Black,Green,Blue,,,UNCOMMON
607851,1,3,3,1,1,2,Kamigawa,creature,dwarf,Green,Red,,,,RARE
607852,0,3,3,0,3,2,Innistrad,creature,dragon,White,Red,Blue,,,UNCOMMON
607853,1,2,0,2,3,0,Kamigawa,equipment,Talisman,Black,Green,,,,COMMON
607854,2,1,0,3,3,1,Innistrad,equipment,Bottle,White,Green,Red,,,UNCOMMON
607855,0,1,0,0,2,0,Ravnica,equipment,Ring,Blue,Green,,,,COMMON
607856,3,3,1,1,1,2,Ravnica,creature,dragon,Black,,,,,COMMON
607857,0,0,2,2,1,2,Strixhaven,equipment,Boots,White,Red,Blue,,,RARE
607858,2,2,3,1,3,2,Strixhaven,creature,elf,Green,Red,Black,White,,MYTHIC RARE
607859,1,1,3,3,3,1,DnD,creature,elf,White,Red,,,,UNCOMMON
607860,3,0,1,0,3,3,Kaldheim,equipment,Sword,Blue,,,,,UNCOMMON
607861,2,1,2,2,3,0,Kaldheim,equipment,Boots,Red,Green,Black,,,RARE
607862,1,2,1,0,2,2,Kaldheim,equipment,Boots,Black,White,,,,RARE
607863,0,1,2,1,3,0,Kamigawa,creature,zombie,Green,,,,,COMMON
607864,1,2,0,2,1,1,Strixhaven,equipment,Ring,Blue,Red,,,,MYTHIC RARE
607865,2,3,3,0,1,1,Kaldheim,equipment,Boots,Black,,,,,UNCOMMON
607866,3,1,1,2,0,2,DnD,equipment,Boots,Red,Green,White,Blue,,COMMON
607867,0,0,3,3,0,3,Kamigawa,creature,elf,Green,Blue,Black,,,MYTHIC RARE
607868,3,1,0,3,0,0,Innistrad,equipment,Bottle,White,Black,,,,UNCOMMON
607869,2,2,3,1,0,2,DnD,creature,zombie,Green,,,,,COMMON
607870,0,2,1,1,0,0,Kaldheim,equipment,Ring,Black,,,,,MYTHIC RARE
607871,0,1,1,0,3,1,Kamigawa,creature,human,Black,Blue,Red,,,MYTHIC RARE
607872,0,3,3,1,0,3,Strixhaven,creature,zombie,Black,Blue,Red,,,RARE
607873,2,0,1,1,2,1,Strixhaven,creature,zombie,White,,,,,MYTHIC RARE
607874,0,3,3,2,3,1,Strixhaven,equipment,Bottle,Black,Green,,,,COMMON
607875,2,1,1,2,2,2,Kamigawa,equipment,Sword,Blue,,,,,UNCOMMON
607876,3,2,0,2,0,0,Strixhaven,equipment,Bottle,Red,Blue,,,,UNCOMMON
607877,3,1,2,2,1,1,Kamigawa,creature,dragon,Black,Red,Blue,,,MYTHIC RARE
607878,0,2,3,3,1,1,Strixhaven,creature,human,Black,Red,Green,,,RARE
607879,3,1,3,2,2,1,Kaldheim,equipment,Talisman,Green,Red,Black,Blue,,RARE
607880,1,3,2,1,1,0,DnD,creature,dwarf,Green,Red,,,,UNCOMMON
607881,0,2,2,0,0,2,DnD,equipment,Talisman,Green,Red,Black,,,MYTHIC RARE
607882,1,2,1,0,2,3,Kamigawa,equipment,Bottle,Red,,,,,MYTHIC RARE
607883,0,2,1,2,2,0,DnD,creature,human,White,Blue,Green,,,MYTHIC RARE
607884,1,2,0,0,3,1,Ravnica,equipment,Bottle,White,Red,,,,RARE
607885,1,2,1,0,1,1,DnD,equipment,Bottle,Blue,White,Red,Green,,COMMON
607886,0,2,3,2,2,0,Strixhaven,creature,elf,Red,,,,,COMMON
607887,3,1,0,2,3,0,Kamigawa,creature,boar,Green,,,,,MYTHIC RARE
607888,2,1,0,0,3,1,Strixhaven,equipment,Boots,Black,Green,Red,,,RARE
607889,1,3,1,2,3,2,DnD,creature,zombie,White,Black,Green,,,UNCOMMON
607890,3,3,3,3,3,1,Kamigawa,creature,human,Black,Blue,Red,,,UNCOMMON
607891,0,3,1,2,2,0,Strixhaven,equipment,Bottle,Green,Black,,,,COMMON
607892,2,0,0,3,1,1,Kaldheim,creature,boar,Black,Green,,,,RARE
607893,3,0,0,3,0,3,Ravnica,equipment,Sword,Blue,,,,,MYTHIC RARE
607894,0,3,1,2,1,3,Kaldheim,equipment,Boots,Blue,Black,,,,MYTHIC RARE
607895,0,2,3,1,3,2,Innistrad,equipment,Ring,Red,,,,,RARE
607896,3,0,0,2,1,0,Kamigawa,creature,zombie,Blue,,,,,RARE
607897,1,1,3,0,1,0,Strixhaven,equipment,Sword,Black,,,,,RARE
607898,1,0,2,0,0,0,Innistrad,equipment,Sword,Blue,Red,,,,MYTHIC RARE
607899,0,2,0,3,3,0,Innistrad,creature,dwarf,White,Black,Red,Blue,,MYTHIC RARE
607900,0,3,0,0,3,3,Strixhaven,creature,boar,White,Blue,Black,,,MYTHIC RARE
607901,1,3,2,3,2,0,DnD,creature,elf,Green,,,,,RARE
607902,3,2,0,1,0,2,Kaldheim,creature,human,Blue,Green,,,,RARE
607903,2,1,2,1,2,0,Kamigawa,equipment,Ring,Green,Red,Black,,,UNCOMMON
607904,3,2,3,3,3,1,Strixhaven,creature,zombie,Blue,Green,,,,RARE
607905,1,2,1,1,1,3,Kaldheim,equipment,Sword,Black,Blue,White,,,UNCOMMON
607906,1,2,2,1,2,2,Innistrad,equipment,Talisman,Red,Green,White,Black,,RARE
607907,3,0,2,2,2,0,Kaldheim,creature,elf,Red,White,,,,UNCOMMON
607908,2,1,0,0,0,1,Kamigawa,creature,elf,Green,,,,,UNCOMMON
607909,0,1,0,0,2,3,Ravnica,creature,dragon,Green,,,,,UNCOMMON
607910,3,0,2,2,2,2,Innistrad,creature,boar,White,Red,Green,,,COMMON
607911,1,2,3,2,0,2,Ravnica,equipment,Boots,Green,Red,White,,,MYTHIC RARE
607912,1,0,3,0,3,3,Ravnica,equipment,Sword,Green,White,,,,MYTHIC RARE
607913,1,0,3,0,1,3,Kaldheim,creature,boar,Blue,,,,,RARE
607914,0,1,1,3,0,3,Kamigawa,equipment,Bottle,White,Green,Black,Blue,,RARE
607915,0,2,0,2,1,3,Strixhaven,creature,boar,Green,Red,Black,Blue,,RARE
607916,0,2,0,2,1,3,Ravnica,creature,zombie,White,Black,Red,Blue,,UNCOMMON
607917,1,0,2,3,3,2,Kaldheim,equipment,Talisman,Blue,Red,,,,MYTHIC RARE
607918,0,2,1,1,2,3,Strixhaven,equipment,Bottle,Black,Green,Blue,,,UNCOMMON
607919,1,3,1,3,2,3,Kaldheim,equipment,Ring,White,Red,Blue,Green,,UNCOMMON
607920,2,0,0,3,0,3,Kaldheim,creature,boar,Red,White,,,,MYTHIC RARE
607921,2,3,1,2,0,0,DnD,creature,zombie,Green,Blue,,,,COMMON
607922,3,2,3,0,3,3,DnD,creature,boar,Red,Green,White,Blue,,UNCOMMON
607923,1,3,1,3,0,2,Strixhaven,equipment,Boots,Blue,,,,,MYTHIC RARE
607924,1,2,0,2,3,0,Ravnica,creature,dragon,Red,Green,,,,MYTHIC RARE
607925,2,0,2,3,0,1,Strixhaven,equipment,Sword,Red,Black,White,,,RARE
607926,0,2,2,0,2,3,DnD,creature,dwarf,White,Red,,,,RARE
607927,2,1,3,3,3,2,DnD,creature,zombie,White,Black,Blue,,,RARE
607928,1,1,0,0,0,0,Innistrad,equipment,Sword,Black,Blue,White,Green,,RARE
607929,3,1,0,0,3,2,DnD,equipment,Talisman,Red,Green,White,,,UNCOMMON
607930,0,0,1,1,0,0,Innistrad,equipment,Sword,Black,Red,,,,MYTHIC RARE
607931,1,3,1,0,0,1,Ravnica,creature,dwarf,White,Green,Blue,,,MYTHIC RARE
607932,2,2,0,0,1,2,DnD,creature,dwarf,White,Red,Green,,,RARE
607933,1,0,3,1,0,2,Strixhaven,equipment,Sword,Red,White,,,,UNCOMMON
607934,0,1,3,0,3,1,DnD,creature,boar,Green,White,Blue,,,COMMON
607935,3,1,1,2,0,3,Strixhaven,creature,human,Black,Green,Red,,,MYTHIC RARE
607936,2,0,3,3,0,0,Innistrad,creature,zombie,White,Black,,,,COMMON
607937,1,0,0,1,1,1,DnD,equipment,Bottle,Green,Blue,White,Red,,MYTHIC RARE
607938,0,3,2,0,2,3,DnD,equipment,Boots,Green,Blue,Black,,,RARE
607939,1,0,0,3,2,3,Kamigawa,creature,dwarf,Red,Black,White,,,UNCOMMON
607940,3,3,2,0,1,0,Ravnica,creature,dragon,Red,Green,Black,,,COMMON
607941,3,3,1,3,2,0,Innistrad,equipment,Sword,Red,Blue,,,,MYTHIC RARE
607942,3,1,2,2,3,2,Strixhaven,creature,boar,Blue,Black,White,,,RARE
607943,0,3,3,2,2,1,Kamigawa,creature,zombie,Red,Green,,,,COMMON
607944,3,1,0,0,3,2,Innistrad,equipment,Bottle,White,,,,,RARE
607945,1,1,3,1,3,2,Strixhaven,creature,dragon,White,Blue,,,,COMMON
607946,1,0,2,3,1,3,Kaldheim,equipment,Boots,Black,,,,,COMMON
607947,3,3,2,0,2,2,Strixhaven,creature,dwarf,White,Blue,,,,COMMON
607948,0,0,0,1,2,3,DnD,equipment,Sword,Blue,White,Black,,,UNCOMMON
607949,1,3,1,0,2,1,Innistrad,creature,dragon,Green,Black,,,,MYTHIC RARE
607950,0,0,3,0,2,0,Kamigawa,equipment,Ring,White,Blue,Red,,,RARE
607951,0,0,3,0,0,1,Kaldheim,creature,boar,Red,White,Blue,,,UNCOMMON
607952,0,0,0,2,2,1,DnD,equipment,Sword,Green,White,,,,RARE
607953,0,0,3,1,2,1,Kamigawa,creature,zombie,White,Green,Red,Black,Blue,MYTHIC RARE
607954,3,3,0,3,3,1,Ravnica,creature,boar,Green,Red,,,,COMMON
607955,2,2,1,3,1,0,Ravnica,creature,elf,Black,,,,,RARE
607956,2,0,2,0,3,1,DnD,creature,zombie,Blue,White,,,,COMMON
607957,0,3,1,2,2,2,Kaldheim,creature,human,Green,Blue,White,,,UNCOMMON
607958,3,2,1,2,1,2,DnD,creature,boar,Green,White,Blue,,,UNCOMMON
607959,3,1,1,1,1,1,Kaldheim,creature,dwarf,White,Red,,,,RARE
607960,1,2,0,1,3,1,Innistrad,equipment,Ring,White,Black,,,,COMMON
607961,0,1,1,0,2,1,Kamigawa,creature,dragon,Red,,,,,RARE
607962,1,0,2,3,2,0,DnD,creature,zombie,Blue,Black,,,,UNCOMMON
607963,3,0,2,0,2,1,Kamigawa,creature,elf,Blue,White,Black,Red,,UNCOMMON
607964,1,0,2,3,0,3,Kaldheim,equipment,Talisman,White,,,,,UNCOMMON
607965,3,3,2,0,0,3,Kamigawa,creature,zombie,Blue,White,,,,COMMON
607966,0,3,3,3,3,0,Ravnica,equipment,Bottle,Red,Green,,,,UNCOMMON
607967,1,1,0,0,2,3,Kamigawa,creature,boar,White,Blue,,,,RARE
607968,0,1,0,3,2,0,Kaldheim,creature,boar,Black,Green,,,,UNCOMMON
607969,3,1,1,0,1,1,Kamigawa,equipment,Bottle,Black,Red,Blue,White,Green,MYTHIC RARE
607970,2,1,2,0,1,0,Kamigawa,equipment,Talisman,Red,,,,,COMMON
607971,3,1,2,2,1,0,Kaldheim,equipment,Sword,Blue,Red,,,,MYTHIC RARE
607972,1,2,0,3,2,3,DnD,creature,dragon,Red,Black,Blue,,,UNCOMMON
607973,0,0,1,1,2,0,Kaldheim,equipment,Bottle,White,,,,,MYTHIC RARE
607974,1,1,2,3,1,0,Ravnica,equipment,Talisman,Red,,,,,COMMON
607975,1,3,3,0,2,0,DnD,equipment,Talisman,Green,White,Black,,,UNCOMMON
607976,1,0,1,3,1,1,DnD,equipment,Bottle,Black,White,Green,Red,,RARE
607977,1,2,2,2,1,1,Strixhaven,equipment,Sword,White,Blue,,,,UNCOMMON
607978,0,3,1,2,2,3,Innistrad,equipment,Sword,Red,Black,,,,COMMON
607979,2,2,3,0,1,2,DnD,creature,dragon,Blue,Black,,,,RARE
607980,1,2,3,1,0,3,Innistrad,equipment,Boots,Red,Black,,,,COMMON
607981,2,3,1,1,3,0,Strixhaven,creature,dwarf,Blue,White,,,,UNCOMMON
607982,0,3,0,3,2,2,Ravnica,equipment,Bottle,White,Blue,,,,RARE
607983,3,0,0,3,0,2,Kamigawa,equipment,Talisman,Green,,,,,UNCOMMON
607984,3,2,2,0,3,2,Ravnica,equipment,Ring,Blue,,,,,RARE
607985,2,3,2,3,2,1,DnD,equipment,Bottle,Blue,White,Green,,,COMMON
607986,2,0,3,0,0,1,Strixhaven,creature,zombie,White,Black,Red,,,COMMON
607987,0,2,1,2,2,0,DnD,equipment,Boots,Green,Blue,White,,,RARE
607988,2,3,2,1,3,1,Strixhaven,creature,zombie,Red,Blue,Green,White,Black,RARE
607989,3,3,3,2,0,2,Kaldheim,equipment,Sword,Red,,,,,COMMON
607990,2,3,1,1,0,3,Ravnica,equipment,Talisman,Black,Red,Green,,,UNCOMMON
607991,3,3,1,3,0,0,Strixhaven,equipment,Ring,Black,,,,,RARE
607992,0,1,0,2,2,3,Kamigawa,creature,boar,Green,Red,,,,UNCOMMON
607993,2,0,2,1,2,1,Kaldheim,creature,boar,White,,,,,UNCOMMON
607994,0,1,2,1,3,3,Innistrad,equipment,Bottle,White,Blue,Black,,,MYTHIC RARE
607995,2,3,0,3,0,2,Kamigawa,equipment,Boots,Black,Red,Blue,Green,,MYTHIC RARE
607996,1,3,3,2,1,3,Kaldheim,equipment,Ring,White,,,,,RARE
607997,2,1,2,1,0,2,Kamigawa,creature,dwarf,Black,,,,,UNCOMMON
607998,3,3,2,0,2,0,Innistrad,creature,human,Green,White,Black,Blue,,MYTHIC RARE
607999,3,1,3,0,2,0,Strixhaven,creature,zombie,Red,,,,,MYTHIC RARE
